============================== SRIM-2013.00 ==============================
==============================================================================
====== SRIM Outputs\RANGE_3D.txt : File of Final Ion Positions =====

Ion =  C (06)   Ion Mass= 012.0107
Energy  = 1000000.E-04 keV
Ion Angle to Surface = 00.0 degrees
==================== TARGET =======================
  Layer # 1 - None
  Layer # 1 - Bottom Depth=200000.E-01 A
  Layer # 1 - Density =0003.5100 g/cm3
  Layer # 1 -  100 % of  C
様様様様様様様様様様様様様様様様様様様様様様様様様様
                                            
Ion       Depth  X   Lateral Y   Lateral Z  
Number    (Angstrom) (Angstrom)  (Angstrom) 
-------  ----------- ----------- -----------
0000001   1.4934E+03 -2.7091E+01 -3.8128E+02
0000002   1.3782E+03  1.0279E+02  2.2803E+02
0000003   1.4508E+03  1.3939E+02  2.2185E+02
0000004   8.4451E+02 -5.5612E+02 -4.2496E+02
0000005   9.6580E+02  1.1223E+02 -1.8895E+02
0000006   1.3093E+03 -2.5856E+02 -1.4467E+01
0000007   1.3702E+03  2.3962E+02  2.6008E+02
0000008   1.1787E+03  1.7219E+02 -4.8029E+02
0000009   1.1307E+03 -5.7402E+02  4.0675E+02
0000010   1.2881E+03  2.2539E+02  2.3456E+02
0000011   1.4931E+03 -5.4472E+01 -1.6662E+02
0000012   1.5807E+03  3.6677E+01  2.6241E+02
0000013   1.6503E+03  2.0033E+02  2.5544E+02
0000014   8.4929E+02 -1.5615E+02  3.3302E+01
0000015   1.4562E+03  9.8247E+01 -2.6560E+01
0000016   5.9305E+02 -1.8181E+02 -1.8780E+02
0000017   1.5721E+03 -1.7341E+02  1.0812E+02
0000018   1.4644E+03 -1.5637E+02  1.8103E+02
0000019   1.3053E+03  1.2667E+00  1.1440E+02
0000020   1.2128E+03  3.9662E+01  5.3018E+02
0000021   9.0529E+02  1.5471E+02 -4.6233E+01
0000022   1.5726E+03  5.9697E+01 -5.1535E+01
0000023   8.9825E+02 -1.3377E+02 -3.6176E+02
0000024   1.4182E+03 -1.5767E+02  3.1552E+02
0000025   1.3317E+03 -1.0226E+02  6.9316E+01
0000026   1.2904E+03  1.8635E+02  3.8782E+02
0000027   1.5149E+03 -1.6094E+02  5.8670E+01
0000028   1.0254E+03  4.7146E+02  5.3801E+02
0000029   1.1814E+03  1.9517E+02 -3.9314E+02
0000030   1.3956E+03  2.3537E+02  2.1147E+01
0000031   1.0463E+03 -3.0471E+00  3.9693E+02
0000032   1.4954E+03  2.0535E+01  2.5528E+02
0000033   1.3245E+03 -6.0542E+02 -6.4549E+01
0000034   5.1940E+02  3.6215E+01 -5.1027E+01
0000035   1.3920E+03  2.0088E+02  1.7729E+02
0000036   1.1332E+03 -4.3525E+02  1.3324E+02
0000037   1.3450E+03 -1.3939E+02 -1.0914E+02
0000038   1.4158E+03  2.2753E+02  3.4380E+02
0000039   1.4063E+03 -1.9108E+02 -8.4871E+00
0000040   1.2915E+03 -3.0930E+02  1.4313E+02
0000041   1.4616E+03 -1.0901E+02 -2.0514E+02
0000042   1.7224E+03 -7.8789E+00  2.1434E+02
0000043   1.2739E+03  3.0601E+02 -2.7896E+02
0000044   1.7346E+03 -2.5390E+02  3.3860E+01
0000045   1.4484E+03  7.7751E+01  3.7989E+02
0000046   1.2848E+03 -2.5701E+02  2.2877E+01
0000047   1.3863E+03  2.2341E+02 -1.0780E+02
0000048   1.4088E+03  3.1421E+01 -2.4164E+02
0000049   1.3933E+03 -7.6290E+01  1.8823E+02
0000050   7.6425E+02 -8.0501E+01 -3.8967E+02
0000051   1.0572E+03 -1.8292E+02  1.7248E+02
0000052   1.0245E+03 -3.5266E+02  5.7590E+02
0000053   1.5186E+03 -1.2774E-01 -2.9302E+01
0000054   1.6041E+03  3.3083E+02 -9.1269E+01
0000055   1.2397E+03 -3.0907E+01 -1.9242E+02
0000056   1.4315E+03 -4.3682E+02 -1.2991E+02
0000057   1.6196E+03  3.0163E+01  1.3264E+02
0000058   1.0706E+03  1.3191E+02  2.3267E+02
0000059   1.4346E+03 -1.4156E+02 -2.0767E+02
0000060   6.8335E+02  1.9239E+02  8.9985E+01
0000061   1.2397E+03 -2.0693E+02 -1.3224E+01
0000062   1.3092E+03  9.4936E+01  4.5660E+02
0000063   1.6108E+03 -2.4471E+02 -8.1699E+01
0000064   1.3582E+03 -1.3436E+01 -1.5637E+02
0000065   1.5098E+03 -4.7543E+02  2.3631E+01
0000066   1.4451E+03 -4.8178E+02  1.9649E+02
0000067   1.2880E+03 -5.8447E+02  1.1256E+02
0000068   1.3058E+03  4.1186E+01 -7.3097E+01
0000069   1.0445E+03 -4.7666E+02 -5.8583E+02
0000070   1.2169E+03 -2.4779E+01 -1.9607E+02
0000071   1.1585E+03  2.8220E+02  4.7988E+01
0000072   1.1636E+03  2.2617E+02  1.3572E+02
0000073   1.6553E+03 -1.5576E+02  1.9041E+02
0000074   1.2335E+03  1.2164E+02 -1.8343E+02
0000075   9.1006E+02 -4.2635E+02 -2.2717E+01
0000076   1.5753E+03 -4.1989E+01  1.5662E+01
0000077   9.5606E+02 -2.0602E+01  5.7115E+02
0000078   1.4251E+03  3.7627E+02  1.9781E+02
0000079   1.5843E+03  2.4443E+02  1.2448E+02
0000080   1.0924E+03  1.2178E+02  7.1754E+01
0000081   1.2513E+03  2.2244E+02 -3.7949E+02
0000082   1.4488E+03 -4.2021E+02 -2.8512E+02
0000083   1.2667E+03  7.4894E+02 -3.9014E+01
0000084   1.3663E+03  3.0270E+02  6.6022E+01
0000085   1.6503E+03 -1.4688E+01  2.4948E+02
0000086   1.2853E+03  4.4550E+02 -1.0392E+02
0000087   1.4865E+03  1.3312E+02 -1.8545E+02
0000088   1.1055E+03  1.8288E+01 -6.3980E+01
0000089   1.3661E+03  3.5515E+02  1.7203E+02
0000090   1.2894E+03  1.0374E+02 -4.0165E+02
0000091   1.2599E+03  8.8637E+00 -1.7151E+02
0000092   1.5172E+03 -2.7533E+02  2.2862E+02
0000093   1.3824E+03 -2.1923E+02 -3.0667E+02
0000094   9.8142E+02 -1.1813E+02  3.1001E+01
0000095   1.4126E+03  1.6397E+02 -8.2598E+01
0000096   1.1270E+03  6.0025E+02 -4.6659E+01
0000097   1.3072E+03  4.6087E+01  8.0095E+01
0000098   1.3745E+03  3.8597E+02  6.1042E+00
0000099   1.3208E+03  2.0590E+02 -3.9235E+02
0000100   1.3444E+03 -5.2106E+02 -3.3049E+01
0000101   1.5526E+03  9.1474E+01  7.1204E+01
0000102   1.3053E+03 -3.2718E+02  2.9410E+02
0000103   1.0791E+03 -5.8389E+01 -8.2899E+01
0000104   9.1709E+02 -1.3428E+02  3.0829E+02
0000105   1.4927E+03  2.7712E+02  1.6303E+02
0000106   1.5233E+03 -1.5012E+02  1.6977E+02
0000107   1.3477E+03  1.3857E+01  1.5389E+02
0000108   1.2969E+03  1.6407E+02  3.2357E+02
0000109   1.2245E+03  2.7151E+02 -4.2684E+02
0000110   1.0195E+03  1.5588E+02 -1.9779E+02
0000111   1.2395E+03 -5.1579E+02 -9.4273E+01
0000112   1.3401E+03  2.2629E+01  3.5592E+01
0000113   1.4908E+03 -1.7153E+02 -2.2307E+02
0000114   1.4079E+03  5.8190E+01 -7.7926E+01
0000115   1.4089E+03 -2.2555E+02  4.5262E+01
0000116   1.5325E+03 -7.9651E+01  1.1981E+01
0000117   1.3969E+03  4.0722E+01  2.7258E+02
0000118   1.4325E+03 -1.4598E+02 -3.7700E+01
0000119   9.7654E+02  7.5805E+01  1.6819E+01
0000120   1.4686E+03  5.2896E+02 -1.4206E+02
0000121   1.2022E+03 -2.2893E+02 -2.9026E+02
0000122   1.3503E+03  2.0296E+02 -1.3550E+02
0000123   1.2057E+03  4.1902E+02 -1.0090E+02
0000124   1.4930E+03  8.7715E+01 -2.5371E+02
0000125   1.4983E+03 -1.6626E+02 -2.1629E+02
0000126   1.3317E+03  4.2082E+01 -4.0671E+02
0000127   1.4786E+03 -9.3884E+01 -2.1801E+02
0000128   1.4147E+03 -9.8817E+01  3.6015E+02
0000129   1.4829E+03 -1.6940E+02 -1.6786E+02
0000130   1.6204E+03  7.6232E+01 -9.7506E+01
0000131   1.4506E+03  7.7144E+02  2.1246E+02
0000132   1.2226E+03  5.0513E+02 -6.4675E+01
0000133   1.3502E+03 -4.8027E+02 -1.1953E+02
0000134   8.4017E+02  4.0768E+01  1.3256E+02
0000135   1.2716E+03 -2.8733E+02  7.9461E+01
0000136   9.9431E+02  2.8711E+02 -2.7586E+00
0000137   1.0218E+03  3.6911E+01 -2.3843E+02
0000138   1.0991E+03  4.1312E+02 -7.2096E+01
0000139   1.5430E+03  4.8467E+01 -1.1388E+02
0000140   1.2809E+03  6.7640E+01 -2.3185E+02
0000141   1.1310E+03 -1.2420E+02  4.9342E+01
0000142   1.6079E+03 -1.6161E+02  1.7175E+02
0000143   1.0730E+03  7.4442E+01  3.3109E+02
0000144   1.2880E+03 -3.5444E+02 -6.4298E+01
0000145   1.3855E+03  2.4990E+02  3.8872E+01
0000146   1.3552E+03  9.7217E+01  7.5579E+01
0000147   9.4150E+02 -2.0207E+02 -2.1384E+02
0000148   1.1329E+03  1.1905E+02 -1.6544E+02
0000149   1.4404E+03  1.3697E+02 -4.7599E+02
0000150   1.2288E+03 -2.7146E+02 -3.5977E+02
0000151   1.5571E+03 -6.1092E+01 -2.3155E+02
0000152   1.2097E+03  2.1420E+02  4.0108E+02
0000153   1.5512E+03 -1.6878E+02 -5.8587E+01
0000154   1.3152E+03 -4.2145E+01 -3.5298E+01
0000155   1.3997E+03  2.4416E+02  2.3944E+02
0000156   1.2129E+03  2.0360E+02  2.3118E+02
0000157   1.5104E+03  3.2533E+02 -1.3796E+02
0000158   1.2481E+03  6.1353E+01  4.4742E+02
0000159   1.3568E+03 -2.3872E+01 -7.0333E+02
0000160   1.2638E+03 -8.5975E+01  1.4471E+02
0000161   9.8260E+02 -2.8454E+02  4.1921E+02
0000162   1.3672E+03  1.0381E+02  7.1236E+01
0000163   7.2113E+02  1.5576E+02 -2.6299E+02
0000164   8.4812E+02 -3.4847E+01  8.0087E+01
0000165   1.9641E+03  4.1801E+01  3.7660E+01
0000166   1.5567E+03 -3.6503E+01  1.1924E+01
0000167   1.4875E+03 -1.4938E+02  4.9510E+02
0000168   1.1220E+03  6.3602E+02  1.0399E+02
0000169   9.8411E+02  1.7265E+02 -3.1770E+02
0000170   1.1534E+03 -1.1733E+02 -2.2430E+02
0000171   1.3948E+03  2.9697E+02  2.4590E+02
0000172   1.6217E+03 -1.5002E+02 -1.5404E+02
0000173   1.5761E+03  1.4552E+01 -1.4884E+02
0000174   1.4681E+03 -1.0516E+02 -2.0355E+01
0000175   1.4986E+03  1.3248E+02  2.9850E+02
0000176   1.4907E+03 -3.5694E+02  1.6835E+02
0000177   1.1604E+03 -4.9735E+02  8.4780E+01
0000178   1.2941E+03 -3.3744E+02 -5.5359E+01
0000179   1.2802E+03  1.1325E+02  1.3034E+02
0000180   1.1238E+03 -8.6288E+02 -8.9461E+00
0000181   1.0405E+03 -2.1947E+02  3.1318E+02
0000182   1.3743E+03 -5.0856E+01  1.7103E+02
0000183   1.5598E+03  9.2149E+01  3.0354E+02
0000184   1.4068E+03 -1.3352E+02 -1.3353E+02
0000185   1.5269E+03 -1.4121E+02 -1.9975E+02
0000186   1.1136E+03  3.1894E+02 -2.5038E+02
0000187   1.4521E+03 -1.2854E+02 -1.2925E+02
0000188   1.2705E+03 -2.4799E+02 -1.9541E+02
0000189   1.3593E+03 -1.1980E+01  3.3244E+02
0000190   1.5383E+03 -1.0460E+01  4.1357E+02
0000191   1.3459E+03 -3.4042E+01 -2.3380E+01
0000192   1.5984E+03 -1.1541E+02  3.6170E+01
0000193   1.2913E+03 -1.9629E+02  7.2430E+00
0000194   1.6086E+03 -2.1095E+02 -3.9549E+02
0000195   1.5284E+03 -5.8139E+01 -5.7836E+01
0000196   1.4395E+03 -3.0221E+01  1.3172E+02
0000197   1.4604E+03  1.3646E+01  1.3662E+02
0000198   1.1196E+03  3.1047E+02 -3.5838E+02
0000199   1.6818E+03 -2.5137E+02 -2.6941E+02
0000200   8.5834E+02  6.6440E+02 -1.3323E+02
