============================== SRIM-2013.00 ==============================
==============================================================================
====== SRIM Outputs\RANGE_3D.txt : File of Final Ion Positions =====

Ion =  C (06)   Ion Mass= 012.0107
Energy  = 1000000.E-05 keV
Ion Angle to Surface = 00.0 degrees
==================== TARGET =======================
  Layer # 1 - None
  Layer # 1 - Bottom Depth=200000.E-01 A
  Layer # 1 - Density =0003.5100 g/cm3
  Layer # 1 -  100 % of  C
様様様様様様様様様様様様様様様様様様様様様様様様様様
                                            
Ion       Depth  X   Lateral Y   Lateral Z  
Number    (Angstrom) (Angstrom)  (Angstrom) 
-------  ----------- ----------- -----------
0000001   2.7462E+02 -6.9175E+01 -8.5899E+01
0000002   1.8684E+02 -7.6150E-01 -3.8322E+01
0000003   1.7618E+02 -4.7400E+00  6.1005E+01
0000004   2.8286E+02  9.0684E+01  2.6809E+01
0000005   1.8468E+02 -3.4546E+01 -2.3428E+01
0000006   3.1782E+01  9.2558E-01  1.5706E+01
0000007   1.1768E+02  6.5493E+00 -3.8826E+01
0000008   2.4912E+02 -2.4490E+00 -1.1944E+02
0000009   1.7423E+02 -2.8980E+01  7.7461E+01
0000010   2.1075E+02  3.0846E+01 -9.6391E+00
0000011   2.8659E+02 -1.9789E+01  1.3691E+01
0000012   1.9457E+02  4.9929E+01  1.8867E+01
0000013   2.0777E+02 -4.0605E+01 -5.2929E+01
0000014   1.7222E+02  1.5087E+01  4.6168E+01
0000015   6.3500E+01 -3.2032E+01 -1.1100E+01
0000016   3.1113E+02 -3.0688E+01 -2.8644E+01
0000017   1.7768E+02 -6.5653E+01 -2.0297E+01
0000018   1.5051E+02  9.2573E+01 -5.4217E+01
0000019   5.7054E+01 -2.3009E+01  9.7337E+01
0000020   1.8412E+02 -4.5793E+01 -1.7994E+01
0000021   1.6556E+02  1.5206E+01  3.1162E+01
0000022   1.6631E+02  3.8221E+00  7.7052E+01
0000023   2.2255E+02  7.6687E+01  7.9763E+01
0000024   1.6884E+02 -5.8803E+01  1.9999E+00
0000025   1.4593E+02 -3.4275E+01  3.3810E+01
0000026   5.4400E+01  1.6186E+01 -5.6592E+01
0000027   2.3363E+02 -2.6130E+01 -3.6284E+01
0000028   1.9885E+02  8.5202E+01 -4.3353E+01
0000029   1.5976E+02 -4.1760E+01 -9.6820E+00
0000030   1.6844E+02 -7.1609E+01  2.8954E+01
0000031   1.7636E+02  8.6932E+01 -6.0948E+01
0000032   3.0861E+01  9.4685E+00  1.2545E+01
0000033   9.1320E+01 -6.4325E+01 -9.3738E+01
0000034   5.2363E+01 -7.3277E+00 -2.4092E+01
0000035   1.5957E+02  3.1321E+01 -2.1958E+01
0000036   1.0933E+02 -1.3556E+02  2.1584E+01
0000037   2.5605E+02 -4.6575E+00  2.4102E+01
0000038   1.3771E+02 -1.3436E+02 -1.2865E+02
0000039   2.3240E+02 -3.2783E+01 -1.1505E+02
0000040   3.0915E+02 -2.9263E+01  1.5956E+00
0000041   1.4285E+02 -6.8473E+00 -6.0240E+00
0000042   2.4064E+01  3.4249E+01 -4.4896E+00
0000043   4.1864E+01  3.9436E+00  1.7496E+01
0000044   1.9625E+02  3.0996E+01 -1.0446E+02
0000045   1.4714E+02  6.9642E+01 -5.7058E+01
0000046   1.5012E+02 -3.7124E+01  2.7185E+01
0000047   1.2919E+02  8.3426E+01 -3.5228E+00
0000048   2.2484E+02  1.1695E+02  5.7111E+00
0000049   1.5268E+02  2.6731E+01 -1.1013E+02
0000050   1.6251E+02 -7.6879E+01  2.9221E+01
0000051   1.6398E+02  8.3239E+00  1.1133E+01
0000052   1.6217E+02 -2.0863E+01 -4.3236E+01
0000053   2.0079E+02  6.4120E+01 -4.8804E+01
0000054   1.6734E+02 -6.1882E+01  4.3017E+01
0000055   5.6863E+01 -5.2333E+01  1.9776E+01
0000056   1.3671E+02  1.4629E+00  6.2072E+01
0000057   1.6590E+02  2.2972E+01 -1.9029E+01
0000058   2.4635E+02 -3.4060E+01  4.0111E+01
0000059   2.6451E+02  4.1093E+01 -7.0431E+01
0000060   2.3382E+02  7.4239E+01 -5.2643E+01
0000061   2.7046E+02 -1.1930E+01 -6.2231E+01
0000062   7.3643E+01  3.0217E+01 -5.7147E+00
0000063   1.3397E+02  1.5326E+01 -6.3785E+01
0000064   2.1254E+02 -6.6087E+01 -5.1701E+01
0000065   1.6453E+02  3.7288E+01  5.0272E+01
0000066   1.4493E+02  2.9406E+01  1.0424E+02
0000067   2.6644E+02  9.7430E+01 -1.3415E+01
0000068   3.0915E+02 -5.3106E+01  4.3053E+00
0000069   2.4990E+02 -3.5887E+01  9.0599E+01
0000070   1.3626E+02 -1.2350E+02  6.3513E+01
0000071   1.3290E+02  2.1001E+01  6.0892E+01
0000072   1.6829E+02 -1.2157E+01  7.8799E+00
0000073   2.3575E+02 -1.5994E+01  7.1496E+00
0000074   1.6799E+02  5.5550E+01 -8.0341E+01
0000075   1.8811E+02 -4.4262E+00 -3.7265E+01
0000076   1.9208E+02 -1.5862E+00 -6.6656E+00
0000077   1.6691E+02  3.2100E+01  3.9828E+01
0000078   1.3673E+02 -1.1050E+02 -5.6807E+01
0000079   2.3006E+02  5.9951E+01 -2.5633E+01
0000080   2.1050E+02 -1.9748E+01  6.4938E+01
0000081   2.3765E+02 -1.3819E+00  7.3840E+01
0000082   2.6898E+02  6.3538E+01 -1.7796E+01
0000083   2.5402E+02  2.3370E+01  3.7911E-01
0000084   9.1294E+01 -1.9093E+01 -7.1125E+00
0000085   1.3973E+02 -2.0330E+01 -4.2037E+01
0000086   6.1867E+01  3.2359E+01  3.6558E+00
0000087   1.5996E+02 -4.8587E+01  4.8591E+01
0000088   8.3018E+01 -4.0459E+01 -1.1180E+00
0000089   1.1564E+02 -6.5969E+01 -2.4497E+01
0000090   1.6513E+02 -5.4425E+01  5.8108E+01
0000091   1.5112E+02  1.2500E+02 -7.9091E+01
0000092   1.4159E+02  4.8626E+01  7.3185E+01
0000093   1.3303E+02 -2.7288E+01  1.1168E+02
0000094   1.0910E+02 -5.9754E+01 -7.0696E+01
0000095   6.4075E+01 -3.8755E+01 -1.2882E+02
0000096   1.7256E+02 -3.6085E+01  2.4609E+01
0000097   1.1028E+02 -4.8272E+01 -1.2319E+02
0000098   1.8152E+02  8.7479E+01  3.1618E+01
0000099   1.5211E+02 -5.0100E+01 -1.5761E+01
0000100   1.7998E+02 -1.9118E+01  6.8000E+01
0000101   1.4319E+02 -1.2413E+01 -1.0274E+02
0000102   1.6593E+02  6.7887E+01  3.2186E+01
0000103   2.2520E+02  4.7423E+01 -2.5351E+01
0000104   2.1371E+02  2.5083E+01  1.0118E+02
0000105   2.8604E+02  5.1128E+01 -8.3541E+00
0000106   1.6233E+02  1.5220E+01  8.8563E+01
0000107   2.1509E+02  1.2662E-01  1.1245E+01
0000108   1.6159E+02  1.8371E+02  7.7074E+00
0000109   8.1262E+01  3.9761E+01 -1.0787E+02
0000110   1.1571E+02  2.5440E+01  2.6273E+01
0000111   1.7582E+02  7.2235E+00  1.2578E+02
0000112   1.7655E+02  9.9296E-01 -5.6716E+01
0000113   1.2841E+02  8.7351E+01  4.3663E+01
0000114   1.9230E+02 -1.9115E+01  1.2090E+01
0000115   2.1051E+02  5.4852E+01 -3.4334E+01
0000116   2.5382E+02 -1.9781E+01 -2.2301E+01
0000117   1.0169E+02 -1.1258E+01 -1.4209E+02
0000118   1.3926E+02  6.7252E+01  4.8254E+01
0000119   2.4397E+02 -3.8173E+01 -2.3386E+01
0000120   2.4699E+02 -3.1915E+01  3.8903E+01
0000121   1.0766E+02 -6.7835E+01 -7.8504E+01
0000122   7.6704E+01  5.7203E+01  8.7963E+01
0000123   1.3698E+02  7.8924E+01 -1.4227E+01
0000124   2.6657E+01 -6.8550E+01  3.6650E+01
0000125   2.0175E+02  6.1977E+00  5.0134E+01
0000126   1.8222E+02 -3.0140E+01 -1.2581E+01
0000127   1.4604E+02  1.0862E+00 -2.6151E+01
0000128   1.7262E+02 -3.9295E+01 -7.9418E+01
0000129   8.3086E+01  2.3800E+01  8.6691E+01
0000130   1.1252E+02 -2.1482E+01 -9.6066E+01
0000131   2.7674E+02  8.9705E+01  6.8644E+00
0000132   1.8565E+02 -1.0450E+01  2.2003E+01
0000133   1.6386E+02 -4.3873E+01  1.4004E+01
0000134   1.3802E+02  9.0455E+00 -2.0794E+01
0000135   1.7366E+02 -1.4009E+00 -5.7949E+01
0000136   1.9113E+02  8.7840E+01  2.4394E+01
0000137   1.4725E+02  7.2799E+01  6.4945E+01
0000138   1.7218E+02  5.3312E+01 -2.5484E+01
0000139   2.4974E+02  3.2890E+01 -3.4027E+01
0000140   1.6820E+02  4.9802E+01 -2.1097E+01
0000141   2.2308E+02 -3.4887E+01 -2.4941E+01
0000142   1.4194E+02 -4.8107E+00  6.4391E+01
0000143   1.1437E+02  4.8678E+01  2.6880E+01
0000144   2.2639E+02  2.0501E+00 -1.5304E+01
0000145   2.2824E+02 -5.2796E-02 -9.8057E+00
0000146   1.8481E+02  4.4286E+01 -1.1827E+02
0000147   5.7675E+01 -1.3697E+01  5.4876E+01
0000148   1.9402E+02  4.3691E+01 -8.1885E+00
0000149   8.7619E+01  6.9302E+01 -5.8861E+01
0000150   3.1486E+02  6.4003E+01  6.9591E+01
0000151   2.7621E+02 -2.6541E+01 -6.8457E+01
0000152   1.1744E+02  9.2696E+01 -4.4860E+01
0000153   1.6319E+02 -5.7286E+01  8.7458E+01
0000154   1.2283E+02  2.2614E+01 -2.8722E+01
0000155   2.7173E+02  5.8764E+01  4.9430E+01
0000156   1.7053E+02  2.3762E+01  7.4019E+00
0000157   2.4374E+02 -7.5323E+01 -2.1905E+01
0000158   1.4887E+02 -4.7487E+01  6.8817E+01
0000159   2.7624E+02  1.2741E+01 -4.0334E+01
0000160   2.4407E+02 -3.4363E+01 -1.0097E+02
0000161   1.9754E+02  1.0538E+02  1.4370E+01
0000162   2.3834E+02 -2.1100E+01  2.8844E+01
0000163   1.9388E+02  2.2663E+01  2.2257E+01
0000164   1.9265E+02  6.0744E+01 -2.7556E+01
0000165   1.7832E+02 -4.6370E+01 -5.1161E+01
0000166   1.5667E+02  1.8313E+01 -9.4421E+01
0000167   2.1560E+02  6.2650E+00 -3.8471E+01
0000168   1.7256E+02 -4.3253E+01 -1.8341E+01
0000169   1.7062E+02  7.8019E+01 -1.9823E+00
0000170   1.2274E+02  1.0453E+02 -3.2339E+01
0000171   2.4610E+02 -2.3687E+01  2.9409E+01
0000172   1.2299E+02  1.9632E+01 -5.6339E+00
0000173   1.9271E+02 -7.3365E+01 -3.8781E+01
0000174   2.5566E+02  2.9477E+01 -4.5478E+01
0000175   1.5100E+02  1.5954E+01 -3.9160E+01
0000176   2.5901E+02  4.1229E+01 -3.2929E+01
0000177   1.4941E+02  4.2705E+01 -4.5443E+01
0000178   3.2278E+02  1.1423E+01 -8.0024E+01
0000179   1.8462E+02 -9.6392E+01  3.1839E+01
0000180   1.7992E+02 -4.3535E+01  4.3126E+01
0000181   1.6570E+02  9.1565E+01  3.4336E+01
0000182   1.4046E+02  3.7043E+00 -2.4613E+01
0000183   1.0183E+02  9.9494E+01 -1.5902E+01
0000184   2.7153E+02 -4.4049E+01  9.6209E+01
0000185   9.0130E+01 -5.3309E+01  4.6924E+01
0000186   1.9779E+02 -1.0010E+02 -5.7940E+01
0000187   2.2459E+02  8.1460E+01  1.9904E+01
0000188   4.3483E+01 -1.1644E-01  1.1558E+01
0000189   2.5001E+02  8.5416E+01 -8.0570E+01
0000190   2.2470E+02  1.3081E+02 -6.3525E+01
0000191   9.0294E+01 -2.0622E+01 -6.3808E+01
0000192   1.6634E+02  8.2813E+01 -2.1328E+01
0000193   1.5998E+02 -9.6209E+01 -9.6147E+00
0000194   1.5859E+02 -3.1189E+01 -9.8395E+01
0000195   2.9949E+02  2.2399E+01  4.1182E+01
0000196   2.9439E+02 -5.8202E+01  1.2270E+01
0000197   1.2638E+02 -7.8841E+01  4.4716E+01
0000198   1.8860E+02 -1.1104E+02 -7.8080E+01
0000199   2.0108E+02  5.8424E+01 -9.4597E+01
0000200   8.9360E+01  1.8810E+01  2.1445E+01
