============================== SRIM-2013.00 ==============================
==============================================================================
====== SRIM Outputs\RANGE_3D.txt : File of Final Ion Positions =====

Ion =  C (06)   Ion Mass= 012.0107
Energy  = 7000000.E-05 keV
Ion Angle to Surface = 00.0 degrees
==================== TARGET =======================
  Layer # 1 - None
  Layer # 1 - Bottom Depth=200000.E-01 A
  Layer # 1 - Density =0003.5100 g/cm3
  Layer # 1 -  100 % of  C
様様様様様様様様様様様様様様様様様様様様様様様様様様
                                            
Ion       Depth  X   Lateral Y   Lateral Z  
Number    (Angstrom) (Angstrom)  (Angstrom) 
-------  ----------- ----------- -----------
0000001   9.9698E+02 -3.5445E+01  2.0576E+01
0000002   7.8544E+02 -2.6371E+01  4.6091E+02
0000003   8.6786E+02  1.7801E+02  2.2749E+02
0000004   6.5305E+02 -1.7918E+02  1.7483E+02
0000005   1.1412E+03 -2.5265E+01  1.5230E+02
0000006   7.3082E+02  5.0474E+02 -8.1349E-01
0000007   1.0143E+03 -1.5228E+02  1.2105E+02
0000008   9.1961E+02  2.2753E+02 -2.1910E+02
0000009   6.1581E+02 -1.2732E+02 -1.5255E+02
0000010   8.8717E+02  2.1444E+02  2.8203E+02
0000011   1.0725E+03 -1.1906E+02  5.7283E+01
0000012   9.5437E+02  6.7575E+01 -2.9837E+02
0000013   9.7609E+02  2.7920E+02 -6.3129E+01
0000014   8.7729E+02 -1.3281E+02 -1.7345E+02
0000015   9.8906E+02 -8.3130E+01 -2.1521E+02
0000016   7.7749E+02 -7.2156E+01 -9.3977E+01
0000017   1.1300E+03  5.9277E+01 -1.5761E+02
0000018   9.7369E+02 -4.6584E+01  3.6935E+02
0000019   8.0936E+02  1.1998E+01 -3.8671E+02
0000020   1.0787E+03  2.3649E+01 -1.1103E+01
0000021   1.0258E+03  6.6640E+01  1.5066E+01
0000022   9.2013E+02 -4.1576E+02  2.1159E+02
0000023   9.4310E+02 -3.0436E+02  1.6345E+02
0000024   1.0984E+03  2.3562E+02 -1.2329E+02
0000025   8.2464E+02 -2.5428E+02 -1.3361E+02
0000026   1.1306E+03  2.2627E+02  3.0135E+02
0000027   1.1998E+03  1.1883E+02 -5.8566E+01
0000028   1.0923E+03 -1.4388E+02  3.4587E+02
0000029   1.0169E+03 -4.7942E+02  1.9108E+01
0000030   9.1696E+02 -5.9321E+01 -2.2617E+02
0000031   1.0912E+03  1.1704E+02  4.9631E+01
0000032   9.3544E+02  3.1486E+02  1.3052E+02
0000033   1.2325E+03 -6.2098E+00 -8.1089E+01
0000034   1.0378E+03  1.0412E+02 -3.5171E+02
0000035   8.9986E+02  6.1648E+01 -2.9312E+02
0000036   6.8212E+02 -3.5476E+00 -1.6311E+02
0000037   1.2486E+03  2.5608E+02 -3.0020E+02
0000038   1.0733E+03 -1.7040E+02  1.9384E+02
0000039   8.4179E+02  1.9660E+02 -1.2668E+02
0000040   8.7989E+02 -8.4735E+01  2.9903E+02
0000041   9.3606E+02 -2.1558E+02 -5.3165E-01
0000042   1.1313E+03 -1.2442E+01  8.6767E+01
0000043   1.0766E+03  9.7604E+01 -2.0844E+02
0000044   8.4070E+02  2.0101E+02  5.8861E-01
0000045   8.3883E+02  3.4991E+02  3.1034E+02
0000046   6.1486E+02 -3.3451E+02  9.4118E+01
0000047   6.1671E+02 -1.4858E+02 -2.5025E+02
0000048   1.0164E+03  3.4507E+02  2.9187E+01
0000049   1.2859E+03 -2.1069E+02  8.3757E+01
0000050   8.7983E+02  5.4597E+01 -2.7136E+02
0000051   8.3642E+02  1.5707E+02  4.1841E+01
0000052   1.3445E+03 -1.1200E+02 -9.7205E+01
0000053   1.0762E+03 -4.2447E+01 -4.9381E+01
0000054   9.8803E+02  2.4814E+02 -4.3867E+01
0000055   8.8275E+02 -5.8635E+01 -4.7160E+01
0000056   1.1005E+03 -5.6770E+01  3.5264E+02
0000057   9.1168E+02 -1.8087E+01 -2.3441E+01
0000058   9.7297E+02 -5.7342E+01 -1.6595E+00
0000059   1.1100E+03  9.6355E+01  5.5196E+01
0000060   6.9928E+02 -1.1743E+02 -5.3839E+01
0000061   1.0628E+03  7.3642E+01  3.4009E+02
0000062   8.0263E+02  2.4730E+02  2.3384E+02
0000063   1.1487E+03  1.6589E+02  9.0936E+01
0000064   1.0681E+03  2.5978E+02 -3.1958E+02
0000065   8.1797E+02  1.1790E+02  9.3173E+01
0000066   9.8879E+02 -2.5425E+01  4.0824E+02
0000067   1.1264E+03 -2.1840E+02  3.6126E+02
0000068   7.7930E+02 -5.0498E+01 -2.7447E+02
0000069   8.1285E+02  1.4666E+02 -2.6644E+02
0000070   6.8775E+02 -1.2913E+02 -1.1223E+01
0000071   1.1662E+03  1.1339E+02 -2.3462E+02
0000072   9.0935E+02  6.9266E+01  2.6227E+02
0000073   9.6362E+02  2.4365E+02  2.4372E+00
0000074   9.8022E+02 -3.5633E+02  1.2844E+02
0000075   7.1926E+02  2.0555E+02  1.8652E+01
0000076   1.2082E+03  2.1647E+01  3.1803E+01
0000077   9.9466E+02  1.9695E+02 -2.6828E+01
0000078   9.6294E+02 -4.7289E+02 -2.5528E+02
0000079   6.1940E+02  3.3391E+02  1.2894E+02
0000080   9.2382E+02  3.2012E+02 -9.3503E+01
0000081   9.7684E+02 -3.3409E+01 -1.3520E+02
0000082   1.1396E+03 -3.9463E+01 -1.0636E+02
0000083   5.8321E+02 -2.5371E+02 -4.9505E+01
0000084   9.6943E+02  6.9093E+01  6.5142E+01
0000085   9.7049E+02 -8.9102E+01  1.9702E+02
0000086   6.6889E+02 -1.6801E+02  2.8036E+02
0000087   1.1713E+03 -6.0334E+00 -3.3387E+01
0000088   8.0633E+02 -2.1623E+02  2.2178E+02
0000089   9.2344E+02 -5.6417E+01 -9.3172E+01
0000090   8.9340E+02 -3.2511E+02 -2.3447E+02
0000091   9.9136E+02  1.3231E+02 -6.2028E+01
0000092   1.1260E+03 -1.5102E+02  2.6482E+01
0000093   1.0154E+03 -2.9056E+02 -1.6002E+01
0000094   1.1121E+03 -2.2493E+01 -1.8366E+02
0000095   1.0198E+03 -4.4271E+01  2.8923E+01
0000096   8.2760E+02 -3.9853E+02 -3.4624E+02
0000097   1.0488E+03 -2.0017E+02  1.9236E+02
0000098   1.1109E+03 -2.0628E+02  7.6339E+01
0000099   7.1667E+02 -2.2719E+02 -2.1888E+02
0000100   1.0140E+03  1.7069E+02  1.8627E+02
0000101   1.0099E+03 -1.3700E+02 -8.4839E+01
0000102   8.1735E+02  5.9813E+00  1.7430E+02
0000103   1.1280E+03 -3.3407E+02 -1.6560E+02
0000104   6.6215E+02 -1.9009E+02 -3.1965E+02
0000105   1.1116E+03  1.6173E+02 -3.6745E+02
0000106   9.0389E+02 -3.0484E+02 -1.4257E+02
0000107   9.7838E+02  1.1386E+02 -6.1165E+02
0000108   1.2107E+03 -2.0714E+02  4.0468E+02
0000109   9.2060E+02 -1.6009E+02  2.5399E+01
0000110   8.6632E+02  1.3452E+02 -1.4754E+02
0000111   1.0480E+03  8.6219E+01  6.8372E+01
0000112   1.0830E+03  1.7161E+02 -1.2233E+02
0000113   1.1620E+03 -7.3372E+01  9.2360E+01
0000114   9.8745E+02 -3.6518E+01 -1.3855E+02
0000115   9.3717E+02 -2.3871E+02 -3.1586E+02
0000116   8.7591E+02  5.5661E+02 -5.0197E+02
0000117   1.2649E+03  5.8595E+01  2.1976E+01
0000118   7.6364E+02  2.0193E+02  7.6674E+01
0000119   5.7248E+02  2.4321E+02 -7.9750E+01
0000120   8.3328E+02 -2.7865E+02  9.5199E+01
0000121   1.0939E+03 -1.4107E+02 -9.4111E+01
0000122   1.1013E+03 -3.2748E+01  9.7283E+01
0000123   1.0232E+03 -2.0038E+01 -4.8496E+01
0000124   1.1578E+03  2.4480E+02 -1.1828E+02
0000125   9.7046E+02  7.5231E+01  3.1333E+01
0000126   9.5742E+02 -2.4778E+02  4.0006E+01
0000127   6.7863E+02  7.5035E+01 -1.4332E+02
0000128   1.1162E+03 -3.9180E+01 -6.3128E+01
0000129   8.5365E+02  2.3379E+02 -2.8045E+02
0000130   1.2189E+03 -8.0452E+00 -1.1863E+02
0000131   1.2351E+03  6.3031E+02 -1.8712E+02
0000132   9.4225E+02  1.6189E+01 -4.0782E+01
0000133   1.1889E+03 -2.8959E+01 -2.2671E+00
0000134   9.8012E+02  1.0414E+02 -4.0376E+01
0000135   8.2420E+02 -1.0763E+02 -1.3759E+02
0000136   1.0971E+03 -4.2782E+02 -1.2966E+02
0000137   1.2025E+03  1.3035E+02  1.2716E+02
0000138   1.0634E+03 -9.6471E+01  4.6919E+00
0000139   1.0673E+03 -1.9022E+02 -3.6801E+01
0000140   4.6814E+02 -1.5959E+02 -8.2643E+01
0000141   1.0986E+03  2.3388E+02  6.9364E+01
0000142   1.1908E+03 -4.8067E+01  4.1970E+01
0000143   1.1256E+03  6.1685E+01 -3.4174E+01
0000144   1.0087E+03  7.5078E+01  1.4209E+02
0000145   7.8753E+02  1.6284E+02 -9.7704E+00
0000146   9.9426E+02  3.1890E+02  5.9981E+01
0000147   1.3377E+03  6.7284E+01  1.9116E+02
0000148   7.3666E+02  3.2182E+02  3.9496E+00
0000149   7.6523E+02  1.3866E+02  1.7530E+02
0000150   6.7269E+02  3.4068E+02 -9.0768E+01
0000151   1.3131E+03  3.1125E+02  9.7019E+00
0000152   8.1866E+02  4.7659E+02  1.7026E+00
0000153   1.0596E+03 -1.7758E+02 -2.0646E+02
0000154   1.0424E+03  9.8372E+00 -2.2308E+02
0000155   7.4410E+02  3.0732E+02  3.7669E+02
0000156   1.0367E+03 -3.6400E+02 -4.9093E+02
0000157   9.9978E+02 -1.1627E+02  5.6508E+01
0000158   1.1373E+03 -1.9577E+02  3.7909E+02
0000159   7.3104E+02 -2.5482E+02 -1.1185E+02
0000160   1.2284E+03  3.8620E+01  3.7596E+01
0000161   1.0334E+03  8.3666E+01  1.5093E+02
0000162   1.0858E+03 -1.7710E+02 -1.2181E+02
0000163   1.3544E+03 -1.0659E+02  2.7018E+02
0000164   8.9219E+02  1.4385E+02 -4.4996E+02
0000165   1.0595E+03  2.2615E+01 -2.9810E+02
0000166   8.6159E+02 -3.5031E+01  1.9828E+02
0000167   1.1232E+03 -4.8124E+01 -2.7537E+01
0000168   1.0760E+03 -2.0929E+02  8.7952E+01
0000169   1.1534E+03  3.1929E+02 -7.1629E+01
0000170   1.0122E+03 -1.6780E+02 -3.5151E+02
0000171   7.5103E+02  7.9486E+01 -2.3385E+02
0000172   1.0706E+03 -2.5978E+02 -1.8979E+02
0000173   1.3210E+03  2.2558E+02  4.3010E+01
0000174   9.4356E+02  1.0621E+02  6.7476E+01
0000175   7.6318E+02  4.9766E+01  6.8795E+00
0000176   1.2015E+03 -8.1230E+01  9.4470E+01
0000177   7.5365E+02  1.2630E+02  2.1882E+02
0000178   3.1466E+02 -2.0869E+02  2.2913E+02
0000179   1.1215E+03  3.3686E+01 -2.0541E+02
0000180   1.1675E+03 -2.7633E+02  1.6127E+02
0000181   1.0969E+03 -7.7254E+01  3.1683E+02
0000182   8.6972E+02 -5.8630E+01 -1.3028E+02
0000183   1.1853E+03 -1.7280E+02  9.3323E+01
0000184   1.1332E+03  1.2192E+02 -3.6063E+01
0000185   8.2852E+02 -2.9915E+01  4.2107E+01
0000186   1.2176E+03  2.2894E+02 -1.2195E+02
0000187   1.0691E+03  9.8552E+01  1.6145E+01
0000188   5.8036E+02 -2.9886E+02  5.4581E+01
0000189   1.0402E+03  4.4435E+01 -5.5469E+01
0000190   1.1791E+03  3.3310E+02 -1.6628E+02
0000191   1.4847E+03 -1.1346E+02  2.2917E+01
0000192   6.4583E+02 -4.3586E+01  2.6307E+02
0000193   1.0212E+03  4.8173E+02 -3.8026E+01
0000194   1.0773E+03 -4.3142E+02 -1.7504E+02
0000195   1.1738E+03  1.8329E+01 -2.2884E+02
0000196   1.0283E+03  2.0651E+02  1.7318E+02
0000197   1.1187E+03 -1.6437E+02 -1.3689E+02
0000198   9.7745E+02 -3.3364E+02  2.7692E+02
0000199   1.0088E+03 -1.0075E+01 -9.8718E+01
0000200   8.9760E+02  9.7522E+01  4.1633E+01
