============================== SRIM-2013.00 ==============================
==============================================================================
====== SRIM Outputs\RANGE_3D.txt : File of Final Ion Positions =====

Ion =  C (06)   Ion Mass= 012.0107
Energy  = 1000000.E-06 keV
Ion Angle to Surface = 00.0 degrees
==================== TARGET =======================
  Layer # 1 - None
  Layer # 1 - Bottom Depth=200000.E-01 A
  Layer # 1 - Density =0003.5100 g/cm3
  Layer # 1 -  100 % of  C
様様様様様様様様様様様様様様様様様様様様様様様様様様
                                            
Ion       Depth  X   Lateral Y   Lateral Z  
Number    (Angstrom) (Angstrom)  (Angstrom) 
-------  ----------- ----------- -----------
0000001   2.2921E+01 -9.6932E+00  1.6032E+01
0000002   2.7716E+01  1.1651E+01  7.7961E+00
0000003   3.3146E+01  4.8438E+00 -6.9875E+00
0000004   2.4584E+01  2.1206E+01 -5.7404E+00
0000005   4.9861E+01 -1.4540E+01  1.0300E+01
0000006   6.7507E+00  1.0339E+00 -8.1882E+00
0000007   3.3728E+01 -4.7089E+00 -6.5781E-01
0000008   1.9781E+01  2.5807E-01 -8.5040E-01
0000009   4.7183E+01  1.0645E+01  1.6477E+01
0000010   2.2987E+01  8.6999E-01 -1.0982E+01
0000011   1.6777E+01  1.3447E+01 -7.4280E+00
0000012   9.9916E+00 -1.2542E+01 -6.3343E+00
0000013   3.7536E+01  5.8929E+00  4.5139E+00
0000014   2.0591E+01 -1.2318E+01  4.6478E+00
0000015   3.6206E+01  3.3810E+01 -3.3789E+00
0000016   3.4047E+01 -1.5635E+01 -9.5159E+00
0000017   2.2517E+01  4.1506E+00 -2.7365E+00
0000018   2.0123E+01  4.7869E+00 -5.3797E-01
0000019   1.5679E+01  6.0657E-01 -8.4413E+00
0000020   4.2888E+01  7.4550E+00  6.0239E-02
0000021   1.8933E+01 -1.4929E+01  8.9394E-01
0000022   1.6883E+01  1.9797E+01  2.0028E+00
0000023   2.9059E+01 -4.5277E+00 -4.6071E+00
0000024   2.0666E+01  2.8356E+01  5.5602E-02
0000025   5.2762E+00  1.1549E+01  1.4238E+00
0000026   2.0011E+01  4.9310E+00 -1.1962E+01
0000027   1.3784E+01 -1.5646E+01 -1.2825E+00
0000028   5.3949E+00  7.5475E+00 -7.0722E+00
0000029   2.4600E+01 -4.2214E+00  1.7139E+01
0000030   2.5745E+01  6.9366E+00 -1.5300E+01
0000031   1.7079E+01 -1.2815E+01  1.5885E+01
0000032   2.5478E+01 -3.9946E+00  9.8993E+00
0000033   1.7142E+01 -3.1427E+00 -6.7881E+00
0000034   2.9862E+01 -3.7596E+00  1.3717E+01
0000035   2.5550E+01 -1.0568E+01 -6.6265E+00
0000036   2.0876E+01  9.5332E+00  7.0983E+00
0000037   2.9591E+01  6.7421E+00 -2.4197E+01
0000038   1.9029E+01 -1.5803E+00 -5.1340E+00
0000039   1.7672E+01  9.3489E+00  2.4743E+00
0000040   2.2955E+01  4.5784E+00 -1.4451E+01
0000041   3.0345E+01  1.5351E+01 -5.6395E+00
0000042   4.1502E+01  2.6770E+00  1.0317E+01
0000043   2.7254E+01 -6.3396E+00  4.1759E+00
0000044   2.8764E+01  2.2243E+01 -1.3195E+01
0000045   1.9215E+01 -4.7139E+00  1.0209E+01
0000046   2.7145E+01  1.4521E+01  5.3586E+00
0000047   2.9971E+01 -1.8404E+00  5.5114E+00
0000048   2.9543E+01 -4.4479E+00 -6.0171E+00
0000049   1.0225E+01  4.6449E+00  1.9719E+01
0000050   2.2885E+01 -5.3486E+00 -1.0711E+01
0000051   3.8901E+01  1.7821E+00 -1.2869E+01
0000052   3.7872E+01 -7.6149E+00 -1.6647E-01
0000053   2.6615E+01 -8.7853E-02 -4.0150E+00
0000054   1.5943E+01 -1.1242E+01 -1.1743E+01
0000055   4.0999E+01 -1.1159E+01  2.0320E+00
0000056   4.3504E+01  5.5527E+00 -4.9123E+00
0000057   3.8058E+01  2.6915E+00 -1.2378E+00
0000058   2.2428E+01 -2.5889E-01  9.7654E+00
0000059   2.5730E+01  1.1374E+01 -8.9588E+00
0000060   1.7867E+01  8.1618E+00  1.5463E+01
0000061   1.3267E+01  1.5517E+01 -3.8713E+00
0000062   2.7279E+01  4.2785E+00 -5.2173E+00
0000063   2.0376E+01  5.9627E+00  5.8416E+00
0000064   1.6468E+01 -5.5647E+00  1.2856E+01
0000065   1.2785E+01  6.4503E-02 -1.3685E+01
0000066   4.0111E+01 -2.8674E+00  1.1785E-01
0000067   3.2165E+01  9.1465E+00  1.2217E+01
0000068   2.5714E+01  3.8345E+00 -2.1245E+01
0000069   2.6712E+01  2.9642E+01 -1.4011E+00
0000070   3.0411E+01  7.3064E+00  1.7516E+01
0000071   4.7402E+01 -7.2665E+00 -9.8710E+00
0000072   3.7753E+01 -3.4722E+00  6.6983E+00
0000073   2.0755E+01 -4.8046E+00 -2.6150E+00
0000074   3.4501E+01  5.5252E+00  2.9162E+00
0000075   1.7361E+01  7.1392E+00 -8.5991E+00
0000076   3.4892E+01  9.1649E+00 -1.6869E+01
0000077   3.5286E+01 -1.5788E+01  1.9114E+01
0000078   1.4024E+01 -2.6838E-01  9.2476E-01
0000079   8.2100E+00 -9.8364E+00 -1.5604E+01
0000080   1.4282E+01  6.7485E+00  1.1161E+01
0000081   1.2204E+01 -1.0250E+01  4.9626E+00
0000082   3.0309E+01  1.0333E+01 -8.3751E+00
0000083   3.3725E+01 -2.3654E+01  3.6112E+00
0000084   1.4124E+01 -1.0865E+01 -4.9789E+00
0000085   3.8117E+01 -5.0913E+00 -7.5381E+00
0000086   3.3849E+01  2.2315E+00 -3.9151E+00
0000087   4.8021E+01 -4.0735E+00 -1.2001E+01
0000088   3.8079E+01 -1.6760E+01 -2.5531E+00
0000089   7.9338E+00 -7.8035E+00 -2.6873E+00
0000090   2.8948E+01  3.0226E+00 -1.9733E+01
0000091   2.7797E+01 -8.4886E+00  1.3081E+01
0000092   3.9318E+01 -1.0572E+00  7.6779E+00
0000093   2.0411E+01  1.6039E+01 -1.1993E+01
0000094   1.6247E+01  9.3766E+00 -1.2642E+01
0000095   4.2755E+01 -1.1314E+01 -5.3222E+00
0000096   2.9023E+01  6.3783E+00 -2.4661E+00
0000097   1.4791E+01  3.8663E-01 -8.6751E-01
0000098   2.0447E+01  1.8649E+00  7.9421E+00
0000099   1.7648E+01 -5.0230E+00 -2.0218E+01
0000100   2.1694E+01 -1.8283E+01  4.0155E+00
0000101   1.8971E+01  8.1143E+00  5.8998E+00
0000102   3.2948E+01  2.9652E+01 -1.3306E+01
0000103   1.3738E+01  4.2105E+00  2.2082E+01
0000104   4.0411E+01 -2.1912E+00 -1.2411E+01
0000105   3.9294E+01 -9.1776E+00 -5.2387E+00
0000106   3.1234E+01  1.0612E+01 -1.1192E+01
0000107   2.8166E+01 -6.4091E+00  1.0295E+01
0000108   2.8616E+01 -1.3380E+01  1.4742E+01
0000109   2.8677E+01 -2.0947E+01  5.3094E+00
0000110   3.9521E+01 -2.3995E+00  1.1385E+00
0000111   2.2889E+01  2.2706E+01  9.6347E+00
0000112   2.7996E+01  3.1910E-01 -5.2098E+00
0000113   2.0035E+01  5.5445E+00 -1.7130E+01
0000114   1.4708E+01 -3.8902E-01 -9.3910E+00
0000115   2.4485E+01  7.2570E+00 -4.8621E+00
0000116   2.3494E+01  1.1726E+01 -1.6949E+01
0000117   2.4477E+01  7.8052E+00  1.7371E+01
0000118   3.3325E+01  5.8435E+00 -4.4275E+00
0000119   1.9139E+01  2.0930E+01 -3.2686E+01
0000120   1.1616E+01 -1.4850E+01 -5.9153E+00
0000121   2.1123E+01  7.2864E+00 -1.2639E+01
0000122   2.8069E+01 -6.8854E+00  7.6873E+00
0000123   1.3107E+01 -5.0798E+00 -8.5470E+00
0000124   2.5597E+01  6.2336E+00  6.4952E+00
0000125   2.2575E+01  4.9498E+00  5.1850E+00
0000126   2.0290E+01  1.7534E+01 -6.7339E+00
0000127   2.6075E+01  1.0328E+01  1.6958E+00
0000128   9.7193E+00  6.0686E+00 -6.8610E+00
0000129   2.0700E+01  2.2029E+00  1.3592E+01
0000130   1.8782E+01 -1.3057E+01  1.0129E+01
0000131   3.8079E+01  6.8528E+00 -7.0622E+00
0000132   1.1659E+00 -7.1391E+00  4.9259E+00
0000133   1.2262E+01  3.1223E+00  8.3029E+00
0000134   2.3933E+01  1.0138E+01 -3.5317E+00
0000135   2.7718E+01  8.7573E+00  3.0990E+00
0000136   1.9839E+01  7.5672E+00  2.4276E+00
0000137   4.1299E+01  4.0939E+00  1.1195E+00
0000138   2.4736E+00 -1.8066E+01 -6.7790E+00
0000139   2.4078E+01  8.2851E+00  8.6560E+00
0000140   5.2267E+01  1.3157E+01  1.2556E+01
0000141   3.6960E+01  2.5518E+01 -3.5095E-01
0000142   3.1818E+01 -6.6192E+00 -3.6132E+00
0000143   1.4722E+01  5.2641E+00  1.5243E+01
0000144   1.6295E+01  2.9427E+00  2.3763E+00
0000145   1.4707E+01  1.1520E+00  1.7749E+01
0000146   2.8186E+01 -2.2951E+01 -1.3589E+01
0000147   3.6916E+01  4.6547E+00 -1.5014E+01
0000148   2.2261E+01 -3.0959E+01 -1.1025E+01
0000149   3.4350E+01 -3.9124E+00  6.7947E-01
0000150   3.3460E+01 -2.6995E+00  9.1661E+00
0000151   1.5392E+01  6.1019E+00  1.2155E+01
0000152   1.8715E+01  2.2883E+01 -2.4295E+01
0000153   1.4242E+01 -1.1256E+01 -4.2179E-01
0000154   3.2991E+01  2.8171E+00  2.1442E+01
0000155   2.3100E+01  6.2699E+00  2.9737E+01
0000156   2.1055E+01 -9.8737E+00  5.2955E+00
0000157   1.2898E+01  1.1875E+00 -6.3723E+00
0000158   5.2177E+01  3.2038E+00 -1.9053E+01
0000159   1.4996E+01 -2.9710E-01 -5.5582E-01
0000160   2.4447E+01  5.2392E+00 -1.5037E+01
0000161   3.2287E+01 -4.9573E+00  1.1971E+01
0000162   3.6104E+01  1.1790E+01 -2.6034E+01
0000163   2.3620E+01  1.1395E+01  1.6902E+00
0000164   4.6111E+01  2.5815E+01 -4.9433E+00
0000165   3.9400E+01  7.9391E+00 -3.4394E+00
0000166   1.2522E+01  6.5860E+00 -6.1479E-01
0000167   1.1668E+01 -1.4388E+00 -1.3224E+01
0000168   4.0076E+01  1.3129E+01  7.2466E+00
0000169   3.7220E+01 -1.2565E+01  1.4623E+01
0000170   9.2792E+00  2.1883E+00  1.3231E+01
0000171   6.1533E+01  7.4478E-01 -1.3261E+01
0000172   1.7959E+01 -8.7089E+00  9.8062E-01
0000173   1.8182E+01 -3.9086E-01  6.2039E+00
0000174   4.5435E+01 -1.1707E+01 -3.2594E+01
0000175   3.1529E+01  5.7522E+00  1.5385E+01
0000176   1.6266E+00 -9.7615E+00  5.0178E+00
0000177   2.5181E+01 -3.7318E+00  4.9520E+00
0000178   4.1466E+01  8.0109E+00 -2.5271E+00
0000179   3.7717E+01  1.9937E+01 -6.1883E+00
0000180   2.6892E+01 -3.5603E+00 -1.2764E+01
0000181   5.0404E+01  1.2843E+01 -1.1754E+01
0000182   2.3118E+01 -3.4238E-01 -1.1383E+01
0000183   3.2604E+01  7.9619E+00 -1.7056E+01
0000184   4.3446E+01 -2.2709E+01  2.6134E+00
0000185   3.8215E+01  1.5634E+01 -3.3797E+00
0000186   2.5680E+01 -1.3115E+01 -1.1645E+01
0000187   1.0295E+01 -1.2066E+01 -6.3488E-01
0000188   2.9433E+01  3.7202E+00 -1.4749E+01
0000189   2.2549E+01 -7.3816E-01 -2.1922E+01
0000190   1.1798E+01 -1.2274E+01 -8.5486E+00
0000191   1.2617E+01 -5.1518E+00  6.3285E+00
0000192   3.1669E+01 -5.3222E+00 -1.1046E+01
0000193   1.2884E+01  4.4731E+00  1.4040E+01
0000194   2.1978E+01  4.3716E-01  1.2614E+00
0000195   3.6076E+01  1.1116E+01  1.4570E+01
0000196   3.3957E+01  2.2778E+00 -1.2125E+01
0000197   2.5097E+01  1.5516E+01 -8.6765E+00
0000198   1.6806E+01 -1.0676E+01 -2.2103E+01
0000199   2.4273E+01 -1.4767E+01 -3.2185E+01
0000200   3.9940E+01  1.0945E+01 -1.0283E+00
