============================== SRIM-2013.00 ==============================
==============================================================================
====== SRIM Outputs\RANGE_3D.txt : File of Final Ion Positions =====

Ion =  C (06)   Ion Mass= 012.0107
Energy  = 1000000.E-05 keV
Ion Angle to Surface = 00.0 degrees
==================== TARGET =======================
  Layer # 1 - None
  Layer # 1 - Bottom Depth=200000.E-01 A
  Layer # 1 - Density =0003.5100 g/cm3
  Layer # 1 -  100 % of  C
様様様様様様様様様様様様様様様様様様様様様様様様様様
                                            
Ion       Depth  X   Lateral Y   Lateral Z  
Number    (Angstrom) (Angstrom)  (Angstrom) 
-------  ----------- ----------- -----------
0000001   1.4747E+02 -4.7398E+01  6.5245E+00
0000002   2.1609E+02  5.5100E+01  6.9168E+01
0000003   2.3007E+02 -9.7057E+01  3.5613E+01
0000004   1.9297E+02  2.2770E+01  5.4726E+01
0000005   2.7744E+02 -6.7105E+01 -3.7831E+01
0000006   1.3301E+02 -3.6958E+01  3.3021E+01
0000007   2.4112E+02 -2.1746E+01 -1.4534E+01
0000008   2.2530E+02  3.1427E+01  4.1127E+01
0000009   1.2816E+02 -6.7227E+01 -6.8289E+01
0000010   1.2429E+02 -6.5636E+01 -5.6168E+01
0000011   2.2306E+02  7.1056E+00 -2.0115E-01
0000012   1.9426E+02  7.0575E+01  1.2480E+01
0000013   2.9396E+02  1.0815E+02 -8.2073E+01
0000014   1.8357E+02  3.8947E+00 -7.9691E+00
0000015   1.3338E+02  8.4135E+01  6.6851E+01
0000016   1.8329E+02 -4.4986E+01 -2.0226E+01
0000017   2.2195E+02 -5.4125E+00 -1.8517E+01
0000018   2.6047E+02 -8.6774E+01  9.7417E+01
0000019   2.0720E+02 -1.6315E+01  4.5318E+01
0000020   1.2005E+02 -1.9088E+01 -3.8309E+01
0000021   3.0245E+02 -2.3645E+01 -5.1781E+00
0000022   9.9713E+01  7.7200E+01  7.8447E+00
0000023   8.1385E+01  1.1169E+00  2.2500E+01
0000024   2.7364E+02  8.9350E+01  2.5597E+01
0000025   2.4364E+02  9.8137E+01  1.3442E+01
0000026   1.1935E+02  3.6695E+01 -5.8927E+01
0000027   2.6943E+02 -1.5916E+01  9.7555E+01
0000028   2.1456E+02 -6.9349E+01 -1.1423E+02
0000029   1.4088E+02  6.7589E+01  3.0057E+01
0000030   1.4278E+02 -1.5000E+01  6.5592E+01
0000031   8.6165E+01 -4.1017E+01  6.7454E+01
0000032   4.3954E+01 -3.3407E+01  4.9918E+01
0000033   2.3484E+02  2.7917E+01 -4.0881E+00
0000034   2.2058E+02 -6.1718E+01 -6.6920E+01
0000035   1.7927E+02 -3.7637E+01  3.0273E+01
0000036   1.9450E+02 -1.0510E+02  1.3513E+01
0000037   9.2098E+01  4.6833E+01  3.5923E+01
0000038   2.9292E+02  1.9129E+01  5.3671E+01
0000039   1.4149E+02 -3.4562E+01  1.1097E+02
0000040   1.9611E+02 -3.3269E+01  2.8661E+01
0000041   2.5396E+02 -1.1016E+02  9.0690E-02
0000042   1.6811E+02 -3.2081E+01  6.3364E+01
0000043   1.5487E+02 -4.1850E+00  1.7810E+01
0000044   8.9573E+01  4.5811E+01  8.0276E+01
0000045   3.5574E+01 -7.2216E+00 -3.0541E+00
0000046   1.7678E+02  7.1626E+01 -2.1333E+01
0000047   1.8444E+02 -1.5638E+01 -1.2181E+01
0000048   2.2856E+02  5.8399E+01  1.1774E+02
0000049   2.4399E+02 -2.1223E+01 -2.8674E+01
0000050   1.4306E+02 -1.1276E+02  2.4346E+01
0000051   2.0485E+02 -3.1686E+01 -4.9186E+01
0000052   8.0095E+01 -7.9338E+00 -9.5486E+00
0000053   1.6567E+02 -3.8893E+00  1.1448E+02
0000054   9.1512E+01 -8.9958E+01  9.8295E+00
0000055   2.1947E+02 -9.9156E+01 -1.2785E+01
0000056   3.3266E+02 -7.1738E+01 -1.4562E+01
0000057   1.9566E+02 -2.7729E+01 -4.3130E+01
0000058   2.6554E+02 -4.5635E+01 -7.2375E+01
0000059   7.3587E+01  6.7909E+01 -1.5584E+01
0000060   1.7838E+02 -8.7938E+00  2.9226E+01
0000061   6.6647E+01  6.8009E+01 -2.4431E+01
0000062   1.4404E+02  3.0185E+01 -7.0499E+01
0000063   2.4210E+02  2.2930E+01 -4.0091E+01
0000064   1.1536E+02  6.5665E+00  7.6036E+01
0000065   2.1751E+02 -5.5017E+01 -5.8133E+01
0000066   2.2390E+02  2.6836E+01 -7.0647E+00
0000067   2.7562E+02 -1.4728E+02  1.1268E+02
0000068   1.1899E+02  6.3806E+01 -3.0260E+01
0000069   1.1127E+02 -9.7075E+01 -1.6215E+01
0000070   1.0198E+02  2.1969E+02 -1.8128E+01
0000071   1.5421E+02 -1.2092E+02 -1.5331E+02
0000072   2.1692E+02 -5.8774E+01  6.3442E+01
0000073   7.3402E+01 -8.0823E+01 -4.8153E+01
0000074   1.9085E+02  4.1009E+00  2.5108E+01
0000075   7.1935E+01 -4.6961E+01  2.9362E+01
0000076   1.5614E+02  5.8472E+01 -9.4813E+01
0000077   1.7095E+02 -1.0714E+02  6.7367E+01
0000078   2.3347E+02  1.8752E+01 -1.0823E+01
0000079   1.3658E+02 -4.4715E+00  1.6494E+01
0000080   2.1600E+02  3.2172E+01  4.3855E+00
0000081   1.0126E+02 -6.4658E+00 -2.1504E+01
0000082   2.0329E+02 -1.1380E+02  1.8146E+01
0000083   2.4037E+02  2.4554E+01 -4.5194E+01
0000084   2.3757E+02 -1.0823E+01 -3.6085E+01
0000085   1.6843E+02 -8.4443E+00 -7.3218E+01
0000086   1.5746E+02  1.1435E+02  2.2651E+01
0000087   1.7193E+02 -7.0754E+01  4.8358E+01
0000088   1.2337E+02 -2.3967E+01  1.1135E+02
0000089   2.0459E+02 -2.7254E+01  2.3259E+01
0000090   1.1043E+02 -7.7490E+01 -8.5084E+01
0000091   1.5071E+02 -7.0238E+01  1.2167E+02
0000092   2.2576E+02 -7.2027E+01 -7.6086E+01
0000093   2.3352E+02  6.5026E+01 -8.3924E+01
0000094   8.2822E+01  9.0600E+01  3.7386E+01
0000095   1.9437E+02  1.1632E+02  7.4167E+00
0000096   1.7911E+02 -2.1483E+01  2.3996E+01
0000097   1.9816E+02 -7.7812E+00  4.0455E+01
0000098   1.6986E+02  2.3037E+01 -3.2872E+01
0000099   5.8028E+01 -2.6527E+01 -5.0208E+01
0000100   9.5777E+01 -8.9231E-01 -4.2493E+01
0000101   1.7939E+02  3.5675E+01 -8.5419E+00
0000102   2.0239E+02  3.9443E+01 -5.5021E+01
0000103   3.0215E+02  1.9892E+01  2.1822E+01
0000104   1.9230E+02 -1.9576E+00 -4.4653E+01
0000105   2.5876E+02 -3.4496E+01  4.5900E+01
0000106   1.2338E+02  3.0239E+01  1.0990E+01
0000107   2.3729E+02  5.2324E+01  5.7606E+01
0000108   1.9055E+02  1.7449E+01  1.8528E+01
0000109   1.9063E+02  6.8310E+01  4.6858E+01
0000110   2.5469E+02  1.2176E+01 -8.1441E+01
0000111   1.7035E+02 -9.1264E+00 -5.3584E+01
0000112   1.8219E+02  7.3043E+01  6.2208E+01
0000113   3.7844E+01  1.1947E+02  1.0526E+02
0000114   1.8975E+02  3.4859E+01  4.5993E+01
0000115   1.3517E+02  4.1280E+01  7.2385E+01
0000116   1.4213E+02 -5.9509E+01  7.5426E+01
0000117   2.5466E+01  4.1983E+01  1.1425E+01
0000118   6.6251E+01 -1.6342E+01 -4.6743E+01
0000119   1.8467E+02 -1.1428E+01 -4.4414E+01
0000120   1.5823E+02  2.6279E+01  6.5051E+01
0000121   1.9827E+02 -2.0390E+02 -1.1930E+02
0000122   2.4901E+02  1.2792E+02  8.9488E+01
0000123   1.5096E+02  5.9966E+01 -4.6964E+01
0000124   1.5798E+02  1.2118E+01 -2.1692E+01
0000125   1.7101E+02 -7.5726E+01  6.1251E+01
0000126   8.4827E+01  1.2305E+02  4.7705E+00
0000127   1.9347E+02  1.3406E+02 -9.9009E+01
0000128   1.7820E+02  1.1994E+02 -4.8935E+01
0000129   2.0517E+02 -2.4608E+01 -4.7381E+01
0000130   2.5350E+02  2.8659E+00 -2.1840E+00
0000131   2.1802E+02 -3.9037E+01 -3.4599E+01
0000132   1.2303E+02 -3.5910E+01  4.3555E+01
0000133   1.4717E+02  7.3770E+00 -9.8585E+01
0000134   2.3068E+02 -1.7552E+01  9.1395E+01
0000135   1.2061E+02 -1.2439E+02 -5.7987E+01
0000136   1.7550E+02 -1.0711E+01  1.0594E+01
0000137   9.6624E+01 -1.2772E+01 -4.8889E+01
0000138   9.9760E+01  6.0902E+01 -6.0469E+01
0000139   1.8362E+02 -6.2067E+01  3.9327E+01
0000140   1.9029E+02 -3.7253E+01  3.9596E+01
0000141   2.2059E+02  3.7014E+00  9.3032E+01
0000142   1.7984E+02  8.0704E+01  6.8139E+01
0000143   2.2512E+02  2.1356E+01 -8.7559E+01
0000144   1.7452E+02  2.9158E+01  8.2756E+01
0000145   1.6445E+02 -9.5555E+01 -9.5122E+00
0000146   9.2501E+01 -4.7757E+01  6.5855E+01
0000147   1.9891E+02  2.1197E+00 -4.5818E+00
0000148   2.4411E+02  9.7111E+01 -9.4004E+01
0000149   1.1117E+02 -8.0518E+00 -2.5773E+01
0000150   1.0745E+02  4.2241E+01  6.2208E+01
0000151   2.2177E+02 -3.3882E+01  1.2358E+01
0000152   1.0358E+02  8.6486E+01 -1.2163E+02
0000153   2.1048E+02  8.7530E+00  1.6264E+00
0000154   2.2421E+02 -3.5708E+01  1.2420E+02
0000155   1.4588E+02  8.0833E+01  4.1374E+01
0000156   1.9281E+02  3.1274E+01  3.8370E+01
0000157   2.5239E+02 -1.1809E+01 -1.0670E+01
0000158   8.6572E+01  2.4844E+00 -8.3382E+00
0000159   1.2538E+02 -3.6687E+00 -3.8453E+00
0000160   2.4605E+02  6.1744E+01  2.2677E+00
0000161   1.3245E+02 -7.1195E+01 -4.8421E+01
0000162   2.1631E+02 -2.7084E+01 -7.4193E+01
0000163   1.3385E+02  7.6201E+01 -5.7532E+01
0000164   1.6901E+02 -7.0631E+01 -1.0054E+02
0000165   1.2296E+02 -2.5661E+00  6.1960E+01
0000166   1.8974E+02 -7.0139E+01  5.3754E+01
0000167   1.5872E+02  8.3876E+01  3.0468E+01
0000168   1.5972E+02  5.1133E+01 -2.8280E+01
0000169   2.7742E+01  1.2889E+02  2.7871E+01
0000170   1.5553E+02  2.4189E+01 -9.4273E+00
0000171   9.5915E+01  5.3994E+01 -5.7753E+01
0000172   1.9527E+02 -1.2155E+01  8.8572E+01
0000173   1.0276E+02  3.1370E+01  7.9317E+00
0000174   6.5761E+01  3.0214E+00 -2.0656E+01
0000175   3.3151E+02  1.9619E+01  3.1867E+01
0000176   2.3775E+02  7.0885E+01 -6.8050E+01
0000177   7.5798E+01  4.9233E+01  7.3298E+00
0000178   1.1721E+02  2.6958E+01 -2.2733E+01
0000179   1.0235E+02  1.9867E+01 -5.8294E+01
0000180   9.9746E+01  7.9918E+01 -1.0807E+02
0000181   1.5528E+02  1.9501E+01 -3.2310E+01
0000182   1.0481E+02  9.2363E+01  2.0053E+01
0000183   1.9802E+02  2.2942E+01  3.3960E+01
0000184   1.4821E+02 -2.3733E+01  2.7727E+01
0000185   1.6835E+02  2.3081E+00  2.7822E+01
0000186   1.9857E+02 -7.3330E+01 -4.1120E+01
0000187   2.1534E+02  4.3457E+01  5.8624E+01
0000188   1.0942E+02  3.6777E+00  1.7580E+00
0000189   3.8983E+01  3.1976E+01 -1.8107E+01
0000190   2.3227E+02 -3.3009E+00 -7.0022E+01
0000191   1.9790E+02  6.5116E+01 -8.6051E+01
0000192   1.6651E+02 -7.1659E+01 -5.0104E+01
0000193   1.6434E+02 -2.0614E+00  4.1638E+01
0000194   2.0802E+02 -3.2904E+00  3.9244E+01
0000195   1.2303E+02 -1.2922E+02  5.0488E+00
0000196   2.3455E+02 -4.5390E+01 -1.1678E+01
0000197   1.2193E+02 -3.8271E+01  1.2970E+02
0000198   2.4568E+02 -7.2461E+01 -6.4064E+00
0000199   1.6456E+02  1.1061E+01  4.0420E+01
0000200   2.6638E+02 -1.2265E+01  2.7520E+01
