============================== SRIM-2013.00 ==============================
==============================================================================
====== SRIM Outputs\RANGE_3D.txt : File of Final Ion Positions =====

Ion =  C (06)   Ion Mass= 012.0107
Energy  = 1000000.E-06 keV
Ion Angle to Surface = 00.0 degrees
==================== TARGET =======================
  Layer # 1 - None
  Layer # 1 - Bottom Depth=200000.E-01 A
  Layer # 1 - Density =0003.5100 g/cm3
  Layer # 1 -  100 % of  C
様様様様様様様様様様様様様様様様様様様様様様様様様様
                                            
Ion       Depth  X   Lateral Y   Lateral Z  
Number    (Angstrom) (Angstrom)  (Angstrom) 
-------  ----------- ----------- -----------
0000001   2.5809E+01 -3.1433E+00  8.4669E+00
0000002   1.2531E+01  7.3155E+00 -1.1343E+01
0000003   3.5136E+01  2.0659E+01  9.8338E+00
0000004   1.7320E+01  5.9028E+00  2.0752E+00
0000005   9.6123E+00  3.7585E+00 -2.0851E+01
0000006   2.9018E+01 -1.7654E+00  1.6934E+01
0000007   2.7785E+01  1.0858E+01  1.1301E+01
0000008   4.5184E+01 -2.8409E-01  3.5929E+01
0000009   9.3149E+00  8.8299E+00  1.0534E+01
0000010   3.3669E+01  5.1503E+00 -8.2979E+00
0000011   5.2732E+01  1.7065E+01 -1.4611E+01
0000012   1.9844E+01 -1.9713E+00 -8.8787E+00
0000013   5.5371E+01 -2.0496E+00 -1.3695E+01
0000014   1.0007E+01 -5.7122E+00 -9.7265E-01
0000015   6.8897E+00 -4.4477E+00 -4.0452E-01
0000016   3.7206E+01 -8.1851E+00 -1.0252E+01
0000017   4.8789E+01 -1.1849E+01  1.0594E+01
0000018   2.2203E+01  1.9729E+00 -1.7468E+00
0000019   1.2477E+01  1.4846E+00 -2.1297E+01
0000020   4.4369E+01 -1.2161E+01  6.6567E+00
0000021   3.1055E+01  2.2615E+01  1.3444E+01
0000022   2.4984E+01 -9.8740E+00  2.0523E+00
0000023   2.0063E+01  5.5019E+00 -1.9342E+00
0000024   2.9202E+01 -1.0721E+01 -3.8696E+00
0000025   3.1254E+01  8.2425E+00 -2.5506E+00
0000026   7.9336E+00  5.5260E-01  9.3374E+00
0000027   6.3396E+00  7.3039E+00 -1.1785E+01
0000028   1.3465E+01 -3.8437E+00  1.0899E+01
0000029   4.8534E+01  3.5690E-01  7.2191E+00
0000030   1.1951E+01 -4.7918E+00  1.7389E+01
0000031   3.7908E+01 -7.3839E+00  1.6142E+01
0000032   2.4852E+01 -8.1027E+00  5.9234E+00
0000033   2.4676E+01  4.6429E+00 -2.0122E+01
0000034   1.6217E+01  8.5221E+00 -7.3937E+00
0000035   1.5418E+01 -6.2319E+00 -1.4395E+01
0000036   4.0748E+01 -1.5907E+00 -2.0629E+00
0000037   1.4062E+01 -3.0766E+00 -9.3773E+00
0000038   2.2747E+01 -5.5053E+00 -1.5644E+00
0000039   8.4070E+00 -5.0869E+00  8.6846E+00
0000040   2.8878E+00 -1.9306E+00  3.3485E+00
0000041   3.3358E+01  6.1741E+00 -1.1677E+01
0000042   1.6266E+01 -8.3485E+00 -1.8773E+01
0000043   4.9499E+01 -5.5625E+00  8.3984E+00
0000044   8.3828E+00  1.9002E+01  1.6516E+01
0000045   8.8147E+00  1.7701E+01 -1.1209E+01
0000046   4.1754E+01  8.1573E+00  1.8383E+01
0000047   2.0329E+01 -7.9276E+00  6.1064E+00
0000048   2.8643E+01  7.9058E+00  7.4782E-02
0000049   6.9671E+00  1.6998E+00  7.8557E+00
0000050   6.0155E+01  1.6188E+01 -6.5630E+00
0000051   3.7976E+01 -1.8087E+00 -1.1986E+01
0000052   3.8353E+01  6.2277E+00  1.0702E+01
0000053   2.1162E+01 -1.0942E+01 -8.2203E+00
0000054   1.5938E+01 -8.5593E+00  4.2468E+00
0000055   1.6574E+01 -1.5534E+01  4.8160E+00
0000056   2.3270E+01  2.9467E+00  7.6296E+00
0000057   1.3897E+01  8.0674E+00  1.4376E+00
0000058   1.1591E+01 -3.1665E+00 -1.0681E+01
0000059   2.5706E+01  9.6556E+00 -4.9547E+00
0000060   5.0292E+01 -8.8630E+00  1.7534E+01
0000061   3.6360E+01  1.3208E+01  1.0067E+01
0000062   2.3806E+01  3.1738E+00 -1.4506E+01
0000063   1.2901E+01  7.3731E+00  4.9431E+00
0000064   1.7355E+01  5.0251E+00  1.6318E+01
0000065   2.4988E+01 -8.1024E+00  6.6640E+00
0000066   5.0450E+01  1.1119E+01  1.6158E+01
0000067   2.2421E+01 -1.5878E+00  1.8588E+01
0000068   2.5067E+01 -6.2249E+00 -1.8472E+01
0000069   3.4597E+01  1.3384E+01 -8.8354E-01
0000070   1.9527E+01 -8.6517E+00  4.6375E+00
0000071   8.4976E+00 -1.6766E+01 -1.3223E+01
0000072   3.0400E+01 -1.0694E+01  1.1377E+01
0000073   4.6176E+01 -4.8879E+00  1.5466E+01
0000074   2.0446E+01  8.3296E+00 -9.3031E+00
0000075   5.1412E+01 -1.6628E+01 -1.7078E+01
0000076   2.7731E+01 -1.5629E+01 -4.4767E-01
0000077   1.2340E+01  7.1400E-01 -1.1412E+01
0000078   1.6031E+01  1.5119E+01  1.2381E+01
0000079   2.6299E+01 -1.1820E+01 -2.0183E+01
0000080   1.5548E+01  2.3140E+01  2.7470E+00
0000081   2.9934E+01 -1.1550E+00  5.2062E+00
0000082   2.5336E+01 -7.9614E+00  1.6183E+01
0000083   1.6640E+01  1.1643E+01 -1.3386E+01
0000084   1.9768E+01  5.6072E+00  4.2378E+00
0000085   1.7540E+01 -4.3792E+00 -5.7838E+00
0000086   1.6857E+01 -2.0351E+01  4.3256E+00
0000087   1.3147E+01  6.1070E+00  8.6017E-01
0000088   3.5717E+01 -6.6455E+00 -5.0577E+00
0000089   5.4047E+01  1.3894E+01 -7.9423E+00
0000090   2.5181E+01 -8.4119E+00  1.0524E+01
0000091   2.6038E+01  1.0375E+01  1.0104E+01
0000092   2.4193E+01  1.1461E+00  1.0008E+01
0000093   6.4087E+00 -3.5237E+00  2.1300E+00
0000094   1.6848E+01  8.9948E+00  9.2892E-01
0000095   1.9932E+01  8.4280E+00  1.4031E+01
0000096   9.4047E+00 -2.9464E+00 -3.2185E+00
0000097   1.6607E+01 -1.9184E+01  6.6431E+00
0000098   1.1424E+01  3.2782E+00  4.9157E+00
0000099   2.7203E+01 -1.8694E+00  1.6495E+01
0000100   1.1761E+01  1.2982E+01  3.2786E+00
0000101   2.2882E+01  1.8523E+01 -9.5718E+00
0000102   3.8978E+01  2.8980E+00  3.1584E+00
0000103   1.8978E+01  4.2209E+00 -5.3816E+00
0000104   4.1593E+01  9.1501E+00  1.5607E+01
0000105   1.7634E+01  4.3242E+00 -4.3038E+00
0000106   5.4047E+01  1.3935E+01 -2.1050E+01
0000107   4.3664E+01 -1.5456E+00 -6.5605E+00
0000108   2.2012E+01 -3.5018E+01 -5.5882E+00
0000109   4.1422E+01  2.0938E+01  1.0604E+01
0000110   1.7084E+01 -1.5678E+01  5.0800E+00
0000111   1.2489E+01  7.0284E+00 -2.6679E+00
0000112   2.7827E+01  6.0805E+00 -4.8615E+00
0000113   1.5659E+01 -4.6718E+00 -1.7190E+01
0000114   2.6073E+01  5.1238E+00 -1.4492E+01
0000115   2.4345E+01  2.0848E+01  7.6976E+00
0000116   2.4604E+01  7.0922E+00  6.3340E+00
0000117   9.5659E+00  6.3903E-01  5.2409E+00
0000118   1.6182E+01 -3.7770E+00  9.5445E+00
0000119   1.1642E+01 -5.1687E+00 -1.1626E+01
0000120   2.3675E+01 -6.0360E+00  3.8058E+00
0000121   4.1552E+01 -7.4341E+00  6.3991E+00
0000122   1.1256E+01  8.5743E+00 -1.4834E+00
0000123   1.9595E+01 -6.2348E+00  3.7426E+00
0000124   4.9177E+00  2.4730E+00  1.1999E+01
0000125   5.4746E+00 -1.7476E+00  5.0523E-01
0000126   1.2837E+01  2.6656E+00 -9.3092E+00
0000127   5.1152E+01 -2.6312E+01 -4.0773E+00
0000128   3.2082E+01 -5.7361E+00 -1.3971E+01
0000129   2.7266E+01 -3.6243E+00 -2.1608E+00
0000130   2.5885E+01  1.4550E+00  9.1142E+00
0000131   5.2013E+01 -3.9566E+00  3.3506E+00
0000132   2.9787E+01 -4.8650E+00 -1.3563E+01
0000133   3.1231E+01 -2.0477E+00 -6.1880E+00
0000134   5.9019E+01  1.1303E+01  1.1082E+00
0000135   4.2200E+01 -1.6658E+01  1.8580E+01
0000136   2.0071E+01 -5.6688E+00  3.3771E+00
0000137   2.1567E+00  7.0876E+00 -8.7222E+00
0000138   9.3771E+00 -1.2551E+01 -3.1940E+00
0000140   2.7843E+01  1.0528E+01  9.6202E+00
0000141   1.7871E+01  1.3040E+01  1.6369E+01
0000142   4.1335E+01 -1.5459E+01 -1.1091E+01
0000143   2.4489E+01  9.1416E+00 -9.9992E-01
0000144   3.3586E+01 -1.6772E+01  1.6778E+01
0000145   3.3286E+01  1.4107E+01  6.0990E+00
0000146   3.9558E+01 -5.0919E+00  2.3664E-01
0000147   4.0283E+01 -1.4705E+00 -3.2507E+01
0000148   2.8564E+01 -4.6894E+00 -7.3865E+00
0000149   2.2209E+01 -2.5066E+01  1.7399E+01
0000150   7.8510E+00  8.8580E+00  1.4173E+01
0000151   3.8264E+01  1.4334E+01  5.3267E+00
0000152   3.4524E+01 -2.7058E+01  1.6682E+00
0000153   1.8643E+01  3.2926E+00  5.3901E+00
0000154   4.6376E+01  1.7364E+01 -1.2259E+01
0000155   7.8021E+00  4.3992E-01  8.5426E+00
0000156   3.3235E+00  3.2619E+00 -5.0478E+00
0000157   2.9006E+01 -7.7012E+00  6.7583E+00
0000158   1.5548E+01 -7.7289E+00  1.4462E+00
0000159   1.9695E+01  3.3137E+00 -1.6952E+00
0000160   1.0567E+01  9.3154E-01  7.9997E+00
0000161   1.7872E+01 -5.2762E+00  2.8383E+00
0000162   2.5728E+01  3.1716E+00  2.2998E+00
0000163   2.4198E+01  2.5227E+00  8.9743E-01
0000164   2.4426E+01  1.9249E+00  2.4134E+01
0000165   2.9483E+01  2.2107E+01 -2.2931E+01
0000166   3.3773E+00  1.6553E+01  4.1616E+00
0000167   2.1356E+01  3.8751E+00  6.9886E+00
0000168   2.6483E+01  1.1141E+00 -7.4483E+00
0000169   8.0850E+00 -6.9168E+00 -8.0384E+00
0000170   3.2243E+01 -7.1604E+00 -1.2184E+00
0000171   2.6997E+01  1.5381E+01  2.2265E+00
0000172   2.9470E+01  1.7982E+01 -1.2587E+01
0000173   3.5721E+01  1.1990E+01  1.0150E+01
0000174   1.2180E+01 -2.2814E+00  1.3447E+00
0000175   1.3888E+01 -4.9884E+00 -7.3636E+00
0000176   3.3493E+01  5.5202E+00 -1.4855E+01
0000177   2.3101E+01  4.3256E-02  2.0668E+01
0000178   4.3018E+01  7.8357E+00  2.3159E+00
0000179   4.4283E+01 -1.5107E+01 -9.2782E+00
0000180   3.0309E+01 -2.0054E+00 -9.7901E+00
0000181   3.0949E+01 -1.8658E+00 -1.1822E+00
0000182   1.5437E+01 -4.8221E+00 -5.8517E+00
0000183   2.4862E+01 -1.7268E+01 -5.2172E+00
0000184   3.0865E+01 -1.4330E+00 -6.7891E+00
0000185   2.6649E+01 -1.1600E+01  8.8787E+00
0000186   2.6128E+01  1.6842E+01 -2.5902E+00
0000187   3.5429E+01 -3.0012E+00  7.7803E+00
0000188   2.9901E+01  1.8916E+01 -3.1965E-01
0000189   1.9357E+01 -4.9053E+00 -6.1316E+00
0000190   7.1272E+00 -3.7947E+00  7.6334E+00
0000191   1.8493E+01 -4.9903E+00  1.7709E+01
0000192   1.8579E+01  1.1178E+00  1.3541E+00
0000193   2.5707E+01 -1.3346E+01  2.8858E+00
0000194   4.3808E+00  1.5686E+00 -9.1194E+00
0000195   3.9381E+01  1.0574E-02 -1.6296E+01
0000196   1.4906E+01 -8.1385E-01  1.7160E+00
0000197   1.7254E+01  1.2300E+01 -9.4765E+00
0000198   2.9018E+01 -2.7620E+00  5.5270E+00
0000199   1.2507E+01  1.4679E+01 -6.1916E+00
0000200   3.4939E+01 -2.1249E+00 -1.1769E+01
