============================== SRIM-2013.00 ==============================
==============================================================================
====== SRIM Outputs\RANGE_3D.txt : File of Final Ion Positions =====

Ion =  C (06)   Ion Mass= 012.0107
Energy  = 5000000.E-05 keV
Ion Angle to Surface = 00.0 degrees
==================== TARGET =======================
  Layer # 1 - None
  Layer # 1 - Bottom Depth=200000.E-01 A
  Layer # 1 - Density =0003.5100 g/cm3
  Layer # 1 -  100 % of  C
様様様様様様様様様様様様様様様様様様様様様様様様様様
                                            
Ion       Depth  X   Lateral Y   Lateral Z  
Number    (Angstrom) (Angstrom)  (Angstrom) 
-------  ----------- ----------- -----------
0000001   2.4170E+02 -1.0086E+02 -6.7223E+00
0000002   6.5255E+02 -2.4713E+02 -4.6630E+02
0000003   6.3366E+02  1.4453E+02 -5.0784E+02
0000004   8.2321E+02  1.3469E+02  2.9903E+01
0000005   7.1409E+02 -3.3712E+01  1.5470E+02
0000006   8.2350E+02 -2.8488E+02 -4.4101E+01
0000007   9.2524E+02  7.7508E+01 -9.7347E+01
0000008   7.5413E+02 -1.5300E+02  3.4353E+02
0000009   8.5597E+02  2.8725E+02  6.6357E+01
0000010   7.6830E+02 -1.0194E+02  1.1303E+02
0000011   8.7249E+02 -6.1756E+01 -8.8783E+01
0000012   7.3508E+02 -1.1174E+01  2.0440E+02
0000013   6.4424E+02 -2.2850E+01 -8.9531E+01
0000014   6.5617E+02  1.2675E+02  1.5765E+02
0000015   9.3948E+02 -4.0943E+01  5.0369E+01
0000016   9.0519E+02 -1.0867E+01 -6.4306E+01
0000017   7.4523E+02  1.4627E+02 -8.1849E+00
0000018   7.6161E+02  4.2813E+01 -2.0337E+02
0000019   8.5252E+02 -2.8274E+02 -1.3693E+02
0000020   6.4101E+02 -1.3500E+02  1.0604E+02
0000021   8.0031E+02 -4.0050E+01 -2.9684E+02
0000022   8.4935E+02 -2.0573E+02 -1.2277E+02
0000023   6.8692E+02 -3.7505E+00  1.7727E+02
0000024   3.4303E+02  5.9559E+01 -2.0409E+02
0000025   8.6369E+02  2.5630E+02 -1.2643E+02
0000026   9.0947E+02 -7.7150E+01  3.0348E+01
0000027   8.0441E+02 -2.1084E+02  1.0445E+02
0000028   4.9290E+02 -4.0657E+01 -2.4362E+02
0000029   7.7180E+02 -4.8281E+01 -3.1048E+02
0000030   4.1517E+02  1.0227E+02  1.4909E+02
0000031   6.2132E+02 -1.6266E+02  9.3085E+01
0000032   8.5080E+02 -4.6892E+01 -6.1566E+01
0000033   7.8226E+02 -1.3454E+02 -1.4204E+02
0000034   6.8422E+02 -1.9672E+02 -7.9268E+01
0000035   8.2567E+02  3.3848E+02 -8.4220E+01
0000036   7.9378E+02  3.3793E+00  5.4009E+01
0000037   8.0145E+02 -3.1550E+01  1.2177E+02
0000038   9.2523E+02 -1.3719E+02  2.3017E+02
0000039   7.1252E+02 -2.2535E+02  6.3940E+01
0000040   9.4008E+02 -1.2703E+00  2.0643E+01
0000041   4.7982E+02  1.2805E+02  1.3205E+01
0000042   9.1553E+02  2.1032E+02  8.5844E+01
0000043   8.7093E+02 -3.4158E+02 -4.3979E+01
0000044   8.4370E+02 -3.5218E+02 -1.4787E+02
0000045   7.9334E+02 -1.9161E+02 -8.2455E+01
0000046   2.3277E+02 -1.2525E+02  4.4370E+01
0000047   5.9109E+02  4.6882E+01  1.6163E+02
0000048   6.7614E+02 -4.7944E+01 -8.7200E+01
0000049   4.2835E+02 -6.5975E+01  1.2736E+02
0000050   8.8052E+02 -1.6887E+01 -8.2962E+01
0000051   8.6026E+02 -1.3328E+02  1.5643E+02
0000052   7.7930E+02 -1.1991E+02  7.2721E+01
0000053   7.8449E+02 -3.2837E+02  8.1745E+01
0000054   8.4930E+02  1.6476E+02  2.3009E+01
0000055   8.9331E+02  2.1366E+02  1.7520E+01
0000056   4.1490E+02 -5.7460E+00  2.8311E+01
0000057   7.5366E+02  9.7229E+01  3.3527E+02
0000058   6.8067E+02 -3.7228E+02 -4.0640E+00
0000059   7.7862E+02  2.2488E+01 -2.9145E+01
0000060   5.7710E+02 -4.5201E+02  5.5203E+01
0000061   8.0306E+02 -2.9294E+00 -1.1780E+01
0000062   8.4420E+02 -5.1926E+01  1.3568E+02
0000063   5.8731E+02 -7.1865E+01 -1.0495E+02
0000064   8.1543E+02 -8.5464E+01 -2.8008E+02
0000065   6.1692E+02  1.0659E+02 -6.2041E+01
0000066   6.6918E+02 -1.3406E+02  5.4809E+01
0000067   6.6316E+02 -1.9669E+02  3.8600E+02
0000068   5.3200E+02  1.5595E+02 -1.1828E+02
0000069   1.0343E+03  6.9451E+01  1.8132E+01
0000070   4.4615E+02 -4.2019E+02 -9.1329E+00
0000071   8.4620E+02  1.5394E+01  1.0515E+02
0000072   5.8130E+02  1.2442E+02  7.3801E+01
0000073   5.3466E+02  2.3437E+02  1.1145E+02
0000074   8.2249E+02  3.5695E+02  5.5602E+01
0000075   8.3787E+02 -1.4455E+02  2.2066E+02
0000076   6.8682E+02  4.0576E+01  4.6500E+01
0000077   8.0374E+02  1.1574E+02  1.4375E+02
0000078   8.0785E+02  2.3275E+02  9.9818E+01
0000079   8.9757E+02  1.5054E+02  7.3799E+01
0000080   6.7351E+02 -4.3122E+02 -2.5793E+02
0000081   3.3740E+02  2.8369E+02  2.6745E+02
0000082   6.1503E+02 -5.2370E+01 -4.8177E+01
0000083   7.5333E+02 -1.5068E+02  2.8488E+02
0000084   8.2748E+02  2.5241E+02  1.2890E+02
0000085   8.4396E+02  3.0243E+01  1.1582E+01
0000086   6.2593E+02 -6.4615E+01 -2.2656E+01
0000087   6.4747E+02  2.1958E+02 -1.8415E+02
0000088   9.2027E+02 -2.0738E+02 -2.8590E+01
0000089   5.6077E+02  5.5721E+01 -1.3538E+02
0000090   5.8723E+02  2.5981E+02 -1.9309E+02
0000091   8.2873E+02 -7.2058E+01  1.3206E+02
0000092   8.4510E+02 -1.7470E+02  6.5642E+01
0000093   7.1405E+02 -1.4028E+02 -7.8045E+01
0000094   5.8101E+02 -3.8648E+01 -1.9558E+02
0000095   9.6421E+02 -1.7192E+01  1.7555E+02
0000096   5.5565E+02 -2.2460E+01 -2.0839E+02
0000097   9.3852E+02  3.0929E+02 -9.3344E+01
0000098   1.0841E+03  4.0206E+01  4.2541E+01
0000099   7.1768E+02  1.9601E+02  6.9041E+01
0000100   5.2689E+02  1.0598E+02  2.5484E+02
0000101   7.6483E+02  3.6698E+01 -1.0500E+02
0000102   8.7321E+02  6.0591E+01 -4.0852E+01
0000103   5.2149E+02 -1.0063E+02  6.9845E+01
0000104   1.0124E+03  7.2686E+01  1.0419E+02
0000105   8.2818E+02  8.5947E+01  1.9803E+01
0000106   7.1146E+02 -1.6094E+02 -4.5275E+00
0000107   7.6471E+02 -3.8573E+01  1.5438E+02
0000108   8.8958E+02 -7.0238E+01 -7.3173E+01
0000109   8.5091E+02  1.7823E+02  5.4153E+00
0000110   7.3261E+02 -1.3366E+02 -1.2902E+02
0000111   7.6045E+02  1.8024E+02  5.7576E+01
0000112   8.9128E+02  9.1453E+01 -1.3764E+01
0000113   8.8930E+02  2.0251E+02  1.3064E+02
0000114   7.8148E+02  6.0075E+01 -2.0135E+02
0000115   1.0590E+03  1.0631E+02 -1.1352E+02
0000116   6.7336E+02  6.2929E+01  2.4446E+02
0000117   5.0709E+02 -5.6294E+02  1.5920E+02
0000118   7.5512E+02 -1.6213E+02 -8.1498E+01
0000119   8.8631E+02 -7.7594E+00 -1.3766E+02
0000120   8.2999E+02  2.1364E+01  2.9016E+01
0000121   7.0981E+02  8.9719E+01  1.2819E+01
0000122   6.5216E+02  3.4971E+02  1.8660E+02
0000123   8.9941E+02  2.0439E+02 -1.9868E+01
0000124   7.9089E+02 -1.2666E+01  1.2915E+01
0000125   8.4600E+02  2.1924E+01  1.2877E+02
0000126   8.9185E+02 -1.1428E+02 -9.7564E+01
0000127   7.2918E+02 -1.0655E+02  1.5935E+02
0000128   6.2027E+02  1.6576E+02  1.5695E+02
0000129   8.8614E+02 -2.5441E+02  2.6915E+01
0000130   3.8356E+02  3.7309E+02 -1.6692E+00
0000131   7.3175E+02  1.1861E+02  9.3417E+01
0000132   9.5915E+02  4.4648E+01 -2.8420E+01
0000133   7.6418E+02 -2.5845E+01  3.4895E+02
0000134   7.1873E+02  2.2936E+02 -3.8663E+01
0000135   6.1381E+02  1.2962E+02 -1.5877E+02
0000136   6.3919E+02 -6.8224E+01 -6.3037E+01
0000137   1.7517E+02  1.3028E+01  2.6831E+02
0000138   6.3497E+02  1.1496E+02  4.1420E+02
0000139   8.5095E+02  6.6788E+00  1.5837E+02
0000140   6.1085E+02  3.4628E+01 -2.8131E+01
0000141   7.7249E+02  1.1069E+02 -7.8701E+01
0000142   9.3766E+02  1.2897E+02  2.3073E+02
0000143   8.2086E+02  1.2139E+02 -2.3116E+02
0000144   9.0993E+02  1.1940E+02 -2.8134E+02
0000145   5.7904E+02  1.8673E+01 -2.4381E+01
0000146   5.0732E+02 -9.8480E+01  9.9445E+01
0000147   7.4560E+02  1.7027E+02  1.6844E+02
0000148   6.3230E+02  1.5458E+02  1.9914E+02
0000149   8.8760E+02  9.3387E+00  2.6432E+02
0000150   7.7650E+02 -2.8062E+01 -1.4151E+02
0000151   7.2951E+02 -9.2546E+01  1.2375E+02
0000152   9.2294E+02 -5.2692E+01  1.0554E+02
0000153   3.7935E+02  1.3567E+02  7.2826E+01
0000154   4.5332E+02 -1.9232E+02  6.4024E+01
0000155   8.7836E+02 -1.1351E+02 -2.1447E+02
0000156   7.0478E+02  2.7759E+02 -7.7134E+01
0000157   7.0736E+02  2.0386E+02  6.3919E+01
0000158   4.3631E+02 -3.4224E+02  8.0447E+01
0000159   4.5820E+02  5.3727E+01  1.8376E+02
0000160   7.2530E+02  4.6723E+01 -2.3428E+02
0000161   7.0486E+02 -1.9307E+02 -1.8819E+02
0000162   6.4924E+02  1.9081E+02 -3.7951E+01
0000163   6.7851E+02 -2.3719E+02  1.0032E+01
0000164   9.6973E+02 -9.3949E+01 -1.3100E+02
0000165   5.7749E+02  8.5591E+01  3.2568E+02
0000166   9.7761E+02 -1.4548E+02 -1.9208E+01
0000167   7.3520E+02 -1.9770E+01  1.2571E+02
0000168   6.6924E+02 -1.7311E+02 -4.2653E+01
0000169   9.6347E+02  1.9054E+02 -1.2061E+02
0000170   7.3248E+02  2.5564E+02  9.2344E+01
0000171   8.0936E+02 -6.8990E+01 -1.6416E+02
0000172   8.6158E+02  1.8925E+02  5.7140E+01
0000173   6.1095E+02  7.0590E+01  1.3741E+01
0000174   8.2595E+02 -1.0055E+02 -6.9842E+01
0000175   7.9562E+02 -2.0183E+02 -6.1485E+01
0000176   9.0347E+02  1.9538E+02  3.1189E+01
0000177   7.0554E+02  1.6744E+02 -6.1986E+01
0000178   7.1130E+02 -1.2852E+02  1.1605E+02
0000179   4.9398E+02  7.2387E+00  5.0622E+01
0000180   5.3988E+02 -1.2273E+01 -2.8716E+01
0000181   3.5273E+02 -4.0320E+01 -3.2322E+01
0000182   9.8391E+02 -2.6314E+01  3.7563E+02
0000183   7.4806E+02  1.4014E+02  2.5426E+01
0000184   8.0233E+02 -3.8042E+01 -8.3339E+01
0000185   6.5789E+02  7.3125E+01 -9.1255E+01
0000186   8.5958E+02 -1.8920E+02 -7.2735E+00
0000187   6.5257E+02 -8.5108E+00 -4.1024E+01
0000188   8.2101E+02 -1.0001E+02  1.2170E+01
0000189   9.2915E+02 -1.2989E+02  3.3658E+02
0000190   8.8267E+02 -1.8904E+02 -2.0212E+02
0000191   6.7524E+02 -1.2596E+01 -5.3261E+02
0000192   5.6886E+02 -1.6604E+02 -1.9029E+02
0000193   6.0096E+02 -1.8324E+02 -3.5282E+02
0000194   5.6034E+02  3.6387E+01  3.3939E+02
0000195   7.1078E+02 -1.1817E+02  1.5880E+02
0000196   6.0411E+02 -8.1515E+00 -6.3708E+00
0000197   7.8909E+02 -2.8457E+01 -9.1507E+01
0000198   7.0805E+02 -2.4171E+02 -1.9887E+02
0000199   5.2239E+02 -2.3836E+02  2.1122E+02
0000200   7.3707E+02 -4.8466E+01 -4.8077E+01
