============================== SRIM-2013.00 ==============================
==============================================================================
====== SRIM Outputs\RANGE_3D.txt : File of Final Ion Positions =====

Ion =  C (06)   Ion Mass= 012.0107
Energy  = 1000000.E-05 keV
Ion Angle to Surface = 00.0 degrees
==================== TARGET =======================
  Layer # 1 - None
  Layer # 1 - Bottom Depth=200000.E-01 A
  Layer # 1 - Density =0003.5100 g/cm3
  Layer # 1 -  100 % of  C
様様様様様様様様様様様様様様様様様様様様様様様様様様
                                            
Ion       Depth  X   Lateral Y   Lateral Z  
Number    (Angstrom) (Angstrom)  (Angstrom) 
-------  ----------- ----------- -----------
0000001   2.1653E+02  1.1905E+01  1.4847E+02
0000002   1.3630E+02 -1.2606E+02 -4.8436E+01
0000003   2.2921E+02  7.3943E+00  2.6404E+01
0000004   1.6351E+02 -2.6602E+01 -8.6986E+01
0000005   7.5108E+01  3.2439E+01 -7.1182E+01
0000006   1.6850E+02  4.2610E+01  9.4978E+00
0000007   1.9244E+02 -9.2060E+01  5.6794E+01
0000008   1.8926E+02 -9.6141E+01 -5.3770E+01
0000009   2.2191E+02 -3.8353E+01 -3.0854E+01
0000010   1.6373E+02 -1.1781E+01  3.2079E+01
0000011   4.4071E+01 -7.4906E+01  2.3787E+01
0000012   2.5033E+02 -1.7001E+01  2.8411E+01
0000013   2.5027E+02 -3.4912E+01  2.5826E+00
0000014   2.4443E+02  4.2999E+01 -3.0026E+01
0000015   8.8675E+01  4.6604E+01  3.0695E+01
0000016   1.3133E+02  1.4681E+01  6.4911E+00
0000017   5.0903E+01 -9.5239E+01  2.1100E+01
0000018   1.1555E+02 -3.5411E+01 -5.5768E+01
0000019   2.7069E+02 -2.6809E+01 -1.3107E+01
0000020   1.4114E+02 -4.1061E+01  1.1392E+02
0000021   2.1866E+02 -4.6050E+01 -6.2059E+01
0000022   2.3578E+02 -7.1913E+01  1.5271E+01
0000023   1.3509E+02 -1.9975E+01 -6.3918E+01
0000024   2.5505E+02  2.6386E+01  3.5806E+01
0000025   3.9124E+01 -2.3027E+01 -7.5731E+00
0000026   1.5779E+02  3.9869E+01  3.2348E+01
0000027   1.9073E+02 -3.0289E+01 -3.1317E+01
0000028   2.1507E+02  6.5662E+01  9.0382E+01
0000029   6.7393E+01 -4.1645E+01  4.7099E+01
0000030   2.4492E+02  3.3085E+01  4.4879E+01
0000031   1.6936E+02  1.5462E+01 -8.0810E+01
0000032   2.6423E+02 -5.4786E+00  1.2799E+00
0000033   1.0835E+02 -1.6992E+01 -4.3373E+01
0000034   4.4644E+01 -1.4540E+01  7.1764E+01
0000035   1.7810E+02  5.3766E+01  1.9313E+01
0000036   1.6250E+02  5.5967E+01  7.2571E+01
0000037   1.5939E+02 -9.0776E+01 -1.1100E+02
0000038   1.1367E+02  5.7605E+01  1.6261E+01
0000039   2.1178E+02  2.6353E+01  3.2823E+01
0000040   1.1173E+02 -2.1381E+01 -8.5082E+01
0000041   1.8797E+02 -1.5194E+01 -6.1582E+01
0000042   8.2288E+01  1.8134E+01 -5.4583E+01
0000043   2.0674E+02 -1.4594E+01 -4.6925E+01
0000044   1.8088E+02  4.0363E+01 -8.1635E+01
0000045   1.7476E+02 -9.3298E+00 -1.1060E+01
0000046   1.4629E+02  2.0529E+01 -1.3310E+01
0000047   1.8209E+02 -8.6769E+01 -3.4516E+01
0000048   1.2901E+02  1.9536E+01  1.0256E+02
0000049   5.7704E+01 -9.2345E+01 -1.1110E+01
0000050   1.7152E+02  6.0164E+01 -6.5148E+01
0000051   7.8932E+01 -2.4431E+00 -1.0432E+01
0000052   1.5952E+02  7.9512E+00 -9.9946E+01
0000053   1.4379E+02  1.8365E+00  6.2522E+01
0000054   2.2142E+02 -3.5494E+01  4.8165E+01
0000055   1.9833E+02  1.0594E+02 -2.4174E+01
0000056   1.7766E+02  9.6643E+01  3.6019E+01
0000057   1.9446E+02 -1.6796E+01 -4.5575E+00
0000058   1.3035E+02  8.7246E+01 -1.2972E+01
0000059   1.5256E+02 -6.9339E+01 -1.5517E+01
0000060   1.8227E+02 -6.3293E+01  8.0072E+00
0000061   1.0070E+02  9.2583E+01  1.6335E+01
0000062   2.0145E+02  3.2995E+01 -2.4182E+01
0000063   2.1334E+02  4.4217E+01  7.3325E+01
0000064   1.2926E+02  9.1094E+01 -4.9441E+01
0000065   1.4772E+02 -3.7230E+01 -1.2036E+02
0000066   5.8316E+01 -2.5355E+01  8.7156E+00
0000067   2.3432E+02 -6.2970E+01  9.2042E+01
0000068   1.4903E+02 -2.9178E+01  3.6186E+01
0000069   1.9437E+02  9.2575E+01  8.6882E+01
0000070   7.5769E+01  5.4960E+00  5.9041E+01
0000071   2.0149E+02  6.1743E+01  1.2518E+02
0000072   2.1196E+02  4.3115E+01  3.0906E+01
0000073   1.9051E+02 -5.6158E+00  1.1507E+00
0000074   3.0200E+02 -8.2030E+01  6.3119E+01
0000075   1.7075E+02  9.8254E+01  3.1596E+01
0000076   2.4570E+02 -5.0907E+01  9.8102E+01
0000077   1.4843E+02  3.0606E+01 -1.6965E+01
0000078   1.7796E+02  2.7959E+01  7.2113E+01
0000079   1.3990E+02 -3.3156E+01  2.7224E+01
0000080   1.6939E+02  6.3823E+01 -6.4291E+01
0000081   1.1528E+02 -4.6161E+01  5.0711E+01
0000082   1.9543E+02  1.1936E+01  4.1929E+01
0000083   1.5935E+02 -1.0130E+02  4.3814E+01
0000084   1.7149E+02 -1.4330E+02  7.6268E+00
0000085   1.4780E+02  1.6606E+02 -9.0925E+01
0000086   1.8264E+02 -1.8815E+01  8.0383E+01
0000087   2.1541E+02  6.1135E+01 -1.2628E+02
0000088   3.3467E+02  8.1635E+00 -2.5730E+01
0000089   1.5403E+02 -8.6049E+01 -2.8181E+01
0000090   1.0504E+02  4.0214E+01 -5.5872E+01
0000091   1.4902E+02  1.0691E+02  4.0318E+01
0000092   8.0127E+01 -3.1069E+01 -7.2949E+01
0000093   2.3923E+02  1.0752E+02  2.9255E+01
0000094   1.7614E+02  1.0601E+02 -1.4578E+01
0000095   1.7553E+02 -6.3717E+00 -1.0986E+02
0000096   2.5848E+00  5.3959E+01  9.6239E+01
0000097   3.2188E+02  8.4728E+00  1.3007E+01
0000098   1.4578E+02  3.5935E+01  4.4374E+01
0000099   1.8115E+02 -5.2185E+01  1.2943E+02
0000100   2.3553E+02  2.2123E+01  1.0585E+01
0000101   1.1105E+02 -1.3504E+01 -3.2982E+01
0000102   2.1300E+02  6.8678E+01  1.2500E+01
0000103   6.2205E+01  1.2436E+02  1.2697E+01
0000104   1.6948E+02 -3.0499E+01  1.0858E+02
0000105   1.6320E+02 -4.4581E+01  5.4205E+01
0000106   1.6430E+02 -8.0679E+01 -5.2342E+01
0000107   1.0737E+02 -5.6335E+00  9.2047E+01
0000108   1.8795E+02  1.0317E+02 -2.0014E+01
0000109   1.4709E+02  3.8101E+01 -7.3285E+01
0000110   1.6514E+02 -4.3352E+01 -5.3549E+01
0000111   1.4224E+02  6.4379E+01  8.9754E+01
0000112   2.0601E+02  3.7249E+01 -6.1737E+01
0000113   1.5830E+02  5.8860E+01  2.6174E+01
0000114   1.3045E+02 -2.8601E+01  2.1206E+01
0000115   1.5413E+02 -3.2666E+01  3.1277E+01
0000116   2.1294E+02 -6.0298E+01  7.8873E+01
0000117   2.4947E+02 -1.7217E+01 -6.3711E+01
0000118   1.6048E+02  9.0124E+01 -5.6699E+01
0000119   4.3411E+00 -1.7054E+01  7.8894E+01
0000120   2.8711E+02 -3.0639E+01  3.2607E+01
0000121   1.9247E+02  6.2795E+01 -1.2350E+02
0000122   1.2827E+02  2.3215E+01  1.6599E+02
0000123   1.9633E+02 -7.7150E+01  2.2777E+01
0000124   1.5802E+02 -2.1906E+01 -3.7688E+01
0000125   2.1436E+02 -4.1007E+01  5.0201E+01
0000126   6.3328E+01  6.0671E-01 -2.6290E+01
0000127   1.8311E+02 -3.5946E+00  2.0167E+01
0000128   3.8058E+01  2.0449E+01  5.1237E+00
0000129   2.2014E+02  1.8460E+01 -3.5445E+01
0000130   1.2951E+02 -2.1101E+01  3.5118E+01
0000131   8.6079E+01  2.3969E+01  3.6842E+01
0000132   2.5842E+02 -2.3907E+01  4.3247E+01
0000133   1.5783E+02  3.6509E+00 -8.0974E+01
0000134   1.8575E+02 -4.4653E+01 -5.9206E+00
0000135   2.1256E+02  1.5135E+01  6.3835E+01
0000136   2.2266E+02  6.3733E+01 -7.9158E+00
0000137   2.0178E+02  8.6279E+01 -5.8756E+01
0000138   2.4301E+02 -4.1114E+01  5.6621E+01
0000139   1.3739E+02 -9.3889E+01  5.0396E+01
0000140   1.5282E+02 -7.9490E+01  1.8253E+01
0000141   7.3482E+01 -3.6312E+01  2.1777E-01
0000142   1.6734E+02  3.8411E+01 -7.7506E+01
0000143   1.8532E+02 -2.8411E+01  3.4518E+01
0000144   1.9839E+02  1.2424E+02  2.8175E+01
0000145   1.2482E+02  3.8175E+00  7.8707E+01
0000146   2.6792E+02  1.8275E+01  6.7362E+01
0000147   2.1678E+01 -1.5453E+00  1.3770E+00
0000148   1.3981E+02 -1.2984E+02  8.4221E+01
0000149   1.3802E+02 -3.1276E+01  3.6276E+01
0000150   3.1905E+02 -1.9399E+01 -9.5365E+00
0000151   1.7948E+02  3.5112E+01  3.1787E+00
0000152   7.4216E+01 -3.7232E+01  9.3529E+01
0000153   1.7340E+02  8.5344E+01  1.2291E+02
0000154   1.5980E+02  5.2094E+01  5.9108E+01
0000155   2.4316E+02  1.0615E+01  8.4196E+01
0000156   9.1584E+01 -1.8581E+01 -1.0862E+01
0000157   2.1266E+02  6.3801E+01 -1.5351E+01
0000158   1.6524E+02 -2.2059E+01  5.0839E+00
0000159   7.6636E+01  1.9312E+01  1.0311E+02
0000160   2.0169E+02  7.0194E+01 -4.6352E+01
0000161   2.3250E+02 -1.8542E+01  5.7984E+01
0000162   2.7968E+01  4.9088E+01 -1.5808E+01
0000163   1.7517E+02  1.2345E+02  1.4756E+02
0000164   2.9827E+02  6.1020E+01 -2.8803E+01
0000165   2.2965E+02 -8.0821E+01  4.7566E+01
0000166   1.5042E+02 -8.1789E+01  1.3070E+02
0000167   2.2602E+01 -4.3612E+00  6.1445E+01
0000168   1.8538E+02 -6.7987E+01  1.3191E+01
0000169   1.0410E+02  4.1882E+01 -8.0638E+01
0000170   2.2724E+02 -9.3540E+01 -9.0539E+01
0000171   9.9172E+01 -5.7914E+01  3.6006E+01
0000172   2.3426E+02 -4.4374E+00  3.7669E+01
0000173   2.4687E+02 -6.4460E+01  4.3563E+01
0000174   2.4307E+02  3.3799E+01 -3.8843E+01
0000175   1.8105E+02 -6.2553E+00 -4.4976E+01
0000176   2.1898E+02  2.9515E+01 -6.3819E+01
0000177   5.0876E+01  1.1485E+02 -2.4902E+01
0000178   2.6219E+02 -1.4501E+01 -5.2213E+01
0000179   1.2449E+02 -1.9592E+02 -5.8813E+01
0000180   3.8277E+01 -2.2654E+01  1.4026E+00
0000181   2.5970E+02  8.2842E+00 -4.8081E+01
0000182   1.1766E+02  2.9483E+01  7.1554E+01
0000183   1.0893E+02 -1.8141E+01 -2.4424E+01
0000184   1.1206E+02  2.5326E+01  4.4459E+01
0000185   1.9024E+02  9.8184E+00 -6.7445E+01
0000186   2.7093E+02  4.7481E+01  9.6242E+01
0000187   2.4184E+02 -1.3759E+02  6.3990E+01
0000188   2.0903E+02  9.7624E+01  2.0380E-01
0000189   2.1240E+02  6.7724E+01  9.6952E+01
0000190   3.2220E+02  5.8761E+01  4.7587E+01
0000191   1.1912E+02 -3.4280E+01 -9.0799E+01
0000192   2.9815E+02 -1.3432E+02  3.1993E+01
0000193   1.1451E+02  6.5202E+01  1.2841E+02
0000194   1.8820E+02 -2.7617E+01 -4.1357E+01
0000195   2.7713E+02 -6.7635E+01 -1.0497E+01
0000196   1.1097E+02  1.1300E+02  1.9745E+01
0000197   8.9307E+01 -4.7768E+01  8.5908E+01
0000198   2.3729E+02 -3.2812E+01  2.0599E+01
0000199   2.1416E+02 -2.5243E-01  7.8067E+01
0000200   1.3894E+02  2.4989E+01 -9.9202E+01
