============================== SRIM-2013.00 ==============================
==============================================================================
====== SRIM Outputs\RANGE_3D.txt : File of Final Ion Positions =====

Ion =  C (06)   Ion Mass= 012.0107
Energy  = 1000000.E-04 keV
Ion Angle to Surface = 00.0 degrees
==================== TARGET =======================
  Layer # 1 - None
  Layer # 1 - Bottom Depth=200000.E-01 A
  Layer # 1 - Density =0003.5100 g/cm3
  Layer # 1 -  100 % of  C
様様様様様様様様様様様様様様様様様様様様様様様様様様
                                            
Ion       Depth  X   Lateral Y   Lateral Z  
Number    (Angstrom) (Angstrom)  (Angstrom) 
-------  ----------- ----------- -----------
0000001   1.2010E+03  7.5711E+01 -5.0955E+00
0000002   9.0409E+02 -2.0226E+02 -4.4638E+02
0000003   1.1453E+03 -5.1344E+01  4.0693E+02
0000004   1.5178E+03 -1.0564E+02  5.5182E+00
0000005   8.7401E+02  2.6421E+02  4.6142E+01
0000006   1.3337E+03 -4.1084E+02 -4.7630E+01
0000007   1.1076E+03 -8.6676E+02  2.2587E+02
0000008   1.3734E+03  1.2475E+02  3.8359E+01
0000009   1.3032E+03  1.8338E+02 -1.3850E+02
0000010   7.5219E+02  6.3528E+02 -2.9097E+01
0000011   1.4318E+03  1.8596E+01 -1.6330E+02
0000012   1.2778E+03 -2.4263E+02  5.4522E+01
0000013   1.4254E+03 -4.5162E+02 -2.2398E+02
0000014   1.5904E+03 -6.5139E+01 -3.4446E+02
0000015   4.8956E+02  3.6882E+02 -6.3771E+02
0000016   1.3385E+03 -4.9472E+02 -1.3051E+02
0000017   1.5046E+03 -1.0912E+02 -8.6931E+01
0000018   7.9012E+02  8.7546E+01  5.1916E+01
0000019   1.3983E+03  1.9846E+02  1.2239E+02
0000020   1.0840E+03 -4.8271E+01  4.0747E+02
0000021   1.4210E+03  2.3284E+02  1.5439E+02
0000022   1.4537E+03 -3.5277E+02  4.9096E+01
0000023   1.7075E+03 -1.1404E+02  8.8015E+00
0000024   8.4318E+02  2.6010E+01  2.6972E+01
0000025   1.1685E+03  9.7139E+01 -6.3155E+01
0000026   1.7112E+03 -1.6115E+02  1.2523E+02
0000027   1.1110E+03 -1.2521E+02  1.8970E+02
0000028   1.1965E+03  3.6152E+02  2.3646E+02
0000029   1.3388E+03  2.1158E+02  5.5901E+01
0000030   1.6482E+03  2.3197E+02  1.3572E+02
0000031   1.1031E+03 -2.0866E+01 -2.1274E+02
0000032   1.6421E+03 -6.1933E+01 -1.7563E+02
0000033   1.3018E+03  1.5416E+02  2.5647E+02
0000034   1.5489E+03  3.1860E+02 -7.0009E+01
0000035   1.5208E+03  1.5736E+02  2.2047E+02
0000036   1.2275E+03  5.8380E+02 -2.8637E+02
0000037   1.5917E+03 -1.3123E+02  2.5898E+02
0000038   1.2644E+03  6.4037E+01  1.3266E+01
0000039   1.2235E+03  1.4590E+02 -1.5250E+02
0000040   1.5115E+03 -2.2158E+02 -8.9622E+01
0000041   1.2348E+03 -5.7704E+02  1.6526E+02
0000042   1.0678E+03 -8.3484E+01 -2.3762E+02
0000043   1.5449E+03  6.5852E+01  1.8117E+02
0000044   9.7522E+02  1.0027E+02  1.6147E+02
0000045   1.3951E+03  1.0930E+02  2.7660E+01
0000046   6.1494E+02  8.3453E+01 -5.5173E+01
0000047   1.3409E+03  4.1550E+02 -1.3402E+01
0000048   1.1777E+03 -2.6401E+02 -1.0607E+02
0000049   1.4053E+03  7.2386E+01  7.3743E+01
0000050   1.3800E+03  4.0800E+01  7.2637E+01
0000051   1.2934E+03 -4.7706E+02 -3.1260E+02
0000052   1.2008E+03 -3.8873E+02 -3.2067E+02
0000053   1.5560E+03  2.5791E+02 -2.5793E+01
0000054   1.3051E+03  3.1565E+02  4.0857E+02
0000055   1.2814E+03  1.0850E+02  4.0710E+02
0000056   1.1548E+03  2.3375E+02  3.1661E+02
0000057   1.0552E+03  2.4001E+02  3.9995E+01
0000058   8.8452E+02  3.9070E+02  1.3832E+02
0000059   9.5760E+02  1.8454E+02 -3.6503E+02
0000060   1.4897E+03  4.4034E+02 -1.6636E+02
0000061   1.3783E+03 -5.2043E+01  8.7504E+01
0000062   1.4154E+03  3.9240E+02 -1.1053E+02
0000063   1.2622E+03 -3.4272E+02  2.9706E+02
0000064   1.3547E+03  7.3459E+01 -1.8395E+02
0000065   1.4848E+03  6.4603E+01 -1.5028E+01
0000066   1.2099E+03  1.5931E+02  4.4741E+02
0000067   1.4342E+03 -1.3562E+02  4.1174E+01
0000068   9.7919E+02 -1.1652E+02 -4.0546E+02
0000069   1.1841E+03 -2.9154E+01  1.6259E+02
0000070   1.5208E+03  3.0119E+02 -2.6894E+02
0000071   1.4811E+03  1.7668E+02 -3.4880E+00
0000072   1.2974E+03  1.2457E+02  5.2840E-01
0000073   1.3457E+03 -3.3541E+02 -4.4120E+02
0000074   1.0490E+03 -2.9452E+02  3.1936E+02
0000075   1.2153E+03  2.7774E+02 -6.7952E+01
0000076   1.2686E+03  8.2676E+01  3.1011E+02
0000077   1.2665E+03 -4.6983E+02 -3.8609E+02
0000078   1.3414E+03 -9.4424E+01 -4.9804E+02
0000079   1.5767E+03  6.5295E+01  5.4251E+01
0000080   9.4106E+02 -6.8223E+01 -2.9095E+02
0000081   1.4602E+03 -1.7557E+02  1.0986E+02
0000082   1.1012E+03 -5.3252E+02  5.7992E+01
0000083   1.4255E+03 -1.7593E+02  3.7996E+02
0000084   1.0190E+03 -3.8855E+02 -5.2182E+02
0000085   1.5030E+03 -6.7693E+01  1.2486E+02
0000086   1.6206E+03  4.4081E+02 -1.1477E+01
0000087   1.2181E+03 -2.6006E+02  5.9073E+02
0000088   1.0263E+03 -2.1401E+02 -9.7664E+01
0000089   1.4802E+03 -9.1431E+00  3.6367E+01
0000090   1.5195E+03 -1.0987E+02  2.6606E+02
0000091   9.2461E+02  2.9250E+02 -3.9280E+02
0000092   1.0813E+03  3.9568E+02 -2.4629E+02
0000093   1.6912E+03 -1.1987E+02  2.0413E+02
0000094   1.0646E+03 -9.8976E+01 -2.1665E+02
0000095   1.2353E+03  3.0642E+02 -1.3137E+01
0000096   1.4307E+03 -2.1573E+02 -3.6230E+02
0000097   1.4199E+03  1.8291E+01 -2.1552E+02
0000098   1.5989E+03 -3.8233E+02 -7.2546E+01
0000099   1.3952E+03  6.9078E+01 -2.0601E+02
0000100   1.4581E+03 -8.4835E+01  2.9941E+01
0000101   9.7895E+02  3.3899E+02 -1.6657E+02
0000102   1.1869E+03  3.1134E+02  9.0391E+01
0000103   1.0795E+03  4.3834E+01  1.9655E+02
0000104   1.4673E+03 -2.0921E+01 -3.1480E+02
0000105   1.5248E+03 -4.0707E+02 -1.6338E+02
0000106   1.2940E+03 -3.1030E+02 -8.1990E+01
0000107   1.1681E+03  2.7661E+02  2.8994E+02
0000108   1.4551E+03 -1.0553E+02  1.0222E+02
0000109   1.7138E+03  1.3262E+02  2.3426E+02
0000110   1.2383E+03 -1.9483E+02  2.7800E+02
0000111   1.1086E+03  1.1571E+02  4.1308E+02
0000112   1.0001E+03  2.3413E+01  9.2643E+01
0000113   1.6465E+03  1.0498E+01 -8.5872E+01
0000114   1.7152E+03  7.4379E+01 -6.1776E+01
0000115   1.2650E+03  3.6839E+02  3.3925E+02
0000116   1.1424E+03 -5.5741E+01 -1.7746E+02
0000117   1.3471E+03 -3.4075E+02 -1.8474E+02
0000118   1.4786E+03  1.4070E+02 -1.4127E+02
0000119   1.0571E+03 -1.3621E+02  2.4866E+02
0000120   1.4389E+03 -4.0757E+02 -4.1679E+02
0000121   1.4259E+03 -1.2612E+02 -3.3287E+02
0000122   1.4899E+03  6.5727E+01 -5.7720E+02
0000123   1.0182E+03 -1.3343E+02 -1.8102E+02
0000124   1.1569E+03 -4.9942E+02  5.4136E+00
0000125   1.4170E+03 -1.2190E+02  2.7458E+01
0000126   1.6024E+03 -1.0654E+02 -1.8509E+02
0000127   1.1753E+03 -1.6835E+02  7.8269E+01
0000128   1.0350E+03  1.2151E+02  8.5638E+00
0000129   1.2288E+03 -3.4326E+01 -3.9749E+02
0000130   1.4009E+03 -6.7555E+01  6.1361E+01
0000131   1.4779E+03 -2.2269E+02  2.5339E+02
0000132   1.4444E+03  1.0531E+02  1.0522E+02
0000133   1.4900E+03  2.2258E+02  1.0211E+02
0000134   1.3771E+03  1.8413E+02 -8.0064E+01
0000135   1.2187E+03 -4.8419E+02  1.9043E+02
0000136   6.8759E+02  9.3486E+01 -3.8686E+01
0000137   1.4410E+03  7.8718E+01  1.8645E+02
0000138   1.2256E+03 -3.5197E+01 -1.0902E+02
0000139   1.3690E+03 -8.4653E+00  6.8511E+01
0000140   1.3673E+03  1.8887E+02 -3.4064E+01
0000141   7.9233E+02  2.9118E+02  6.5371E+02
0000142   1.2187E+03 -4.5531E+02 -2.2927E+02
0000143   1.2806E+03 -1.6237E+02 -4.0274E+02
0000144   1.2217E+03  5.3410E+02  1.1797E+02
0000145   1.8760E+02 -2.1381E+02 -4.0049E+01
0000146   1.4353E+03 -1.5779E+02 -2.2148E+01
0000147   1.4580E+03 -2.7735E+02 -3.2125E+02
0000148   1.0473E+03  3.2017E+02 -3.6555E+02
0000149   1.3427E+03 -1.6297E+02 -7.7677E+01
0000150   9.3859E+02  2.4205E+01 -2.0781E+01
0000151   1.4435E+03 -2.7803E+02 -5.6971E+01
0000152   1.3747E+03 -4.2819E+02 -9.6235E+01
0000153   1.5418E+03  1.8881E+02 -3.7355E+02
0000154   1.2132E+03 -6.2308E+02 -6.7827E+00
0000155   7.2066E+02 -2.0959E+02 -4.1677E+02
0000156   1.5156E+03 -5.3288E+01  7.2431E+01
0000157   1.4308E+03  2.6242E+01 -1.1603E+02
0000158   1.4658E+03 -7.3193E+01  7.6393E+01
0000159   1.2890E+03  2.3778E+02 -2.3889E+02
0000160   1.4925E+03 -3.7860E+02  2.0665E+02
0000161   1.6368E+03  1.5632E+02  1.6105E+02
0000162   1.0523E+03 -5.1188E+00  2.6649E+02
0000163   1.0590E+03 -1.1826E+02  9.0036E+01
0000164   1.4350E+03  7.2035E+01  2.9435E+02
0000165   1.2938E+03  3.5081E+02  4.0158E+02
0000166   1.3511E+03  2.9316E+02  2.2896E+02
0000167   1.3530E+03  2.9758E+02 -1.3211E+02
0000168   8.7910E+02 -5.6337E+02  1.9669E+02
0000169   9.6453E+02 -1.2961E+02  3.2237E+02
0000170   1.3849E+03 -2.3519E+02  3.0503E+01
0000171   1.1917E+03 -1.2090E+02  1.1174E+02
0000172   1.2501E+03  2.0235E+02 -4.7065E+02
0000173   1.3797E+03  2.1573E+02 -1.6046E+02
0000174   1.6033E+03 -1.5377E+02 -2.8126E+02
0000175   1.3451E+03  8.2301E+01 -3.3404E+02
0000176   1.4658E+03 -2.7791E+02  1.8194E+01
0000177   1.2312E+03 -3.1604E+02  1.6013E+02
0000178   1.5976E+03  3.8608E+01  2.7897E+02
0000179   1.3910E+03 -2.0126E+02 -2.9640E+02
0000180   1.4278E+03  2.7231E+01 -5.2925E+01
0000181   1.5355E+03 -1.2707E+02  5.6265E+02
0000182   1.5018E+03  1.7071E+02 -8.5129E+01
0000183   1.4790E+03  3.7738E+02 -1.1095E+02
0000184   1.3854E+03  4.9331E+02  1.9914E+02
0000185   1.7362E+03 -3.2510E+01 -1.4757E+02
0000186   1.5579E+03 -5.8683E+02 -3.0392E+02
0000187   1.0619E+03 -2.5426E+02 -4.9218E+02
0000188   1.5864E+03  2.6976E+02  4.1036E+01
0000189   1.3349E+03 -2.1471E+02  2.4764E+02
0000190   1.5278E+03 -1.3900E+02  2.6182E+02
0000191   1.3524E+03 -3.0524E+02 -4.6355E+01
0000192   1.6609E+03  5.9496E+01  2.2407E+02
0000193   1.4281E+03 -6.8565E+01 -1.2775E+02
0000194   1.5280E+03  2.5790E+02 -2.6222E+02
0000195   1.3511E+03 -1.7344E+02 -4.0742E+01
0000196   1.5961E+03 -5.1354E+01 -3.8641E+02
0000197   1.5146E+03  1.3460E+01 -2.2275E+01
0000198   9.6316E+02  3.3178E+01  2.5183E+02
0000199   1.5791E+03  2.0395E+02  1.5537E+02
0000200   1.5535E+03 -3.9999E+01  5.3455E+02
