============================== SRIM-2013.00 ==============================
==============================================================================
====== SRIM Outputs\RANGE_3D.txt : File of Final Ion Positions =====

Ion =  C (06)   Ion Mass= 012.0107
Energy  = 3000000.E-05 keV
Ion Angle to Surface = 00.0 degrees
==================== TARGET =======================
  Layer # 1 - None
  Layer # 1 - Bottom Depth=200000.E-01 A
  Layer # 1 - Density =0003.5100 g/cm3
  Layer # 1 -  100 % of  C
様様様様様様様様様様様様様様様様様様様様様様様様様様
                                            
Ion       Depth  X   Lateral Y   Lateral Z  
Number    (Angstrom) (Angstrom)  (Angstrom) 
-------  ----------- ----------- -----------
0000001   3.8427E+02 -3.7047E+01  9.9545E+01
0000002   4.0073E+02  2.3353E+02  3.9411E+01
0000003   5.4165E+02 -6.3234E+01  8.8472E+01
0000004   3.5432E+02  1.9861E+01 -3.6662E+02
0000005   5.0590E+02 -1.1467E+01  5.6299E+01
0000006   3.7506E+02  2.8248E+02 -1.6135E+02
0000007   4.2202E+02 -1.3357E+02 -1.1578E+02
0000008   7.1414E+02 -3.0545E+01 -1.2883E+01
0000009   5.3393E+02 -1.5505E+02  1.8725E+02
0000010   5.6923E+02 -2.0040E+02 -7.8913E+01
0000011   5.1714E+02  1.2470E+00  1.2665E+02
0000012   2.8142E+02  2.4470E+02  5.0173E+00
0000013   4.3701E+02  5.0428E+01  8.0316E+01
0000014   4.0675E+02  2.1186E+02  9.0888E+00
0000015   5.4142E+02 -2.5000E+00  1.5525E+02
0000016   4.7693E+02  4.6229E+01  1.3510E+02
0000017   4.0141E+02 -1.5705E+02  9.1038E+01
0000018   6.3249E+02 -1.4903E+02 -6.4552E+01
0000019   3.2416E+02 -2.2710E+02  1.7046E+00
0000020   4.0424E+02  8.0299E+01 -1.4478E+02
0000021   6.2590E+02 -1.1197E+02 -6.4759E+01
0000022   4.8364E+02 -7.2567E+01 -3.3865E+02
0000023   6.2354E+02 -1.7142E+01 -1.0582E+02
0000024   5.5108E+02 -6.6458E+01 -2.1826E+02
0000025   5.1278E+02  4.0910E+01  1.1943E+02
0000026   4.5442E+02  7.3179E+01 -9.8886E+01
0000027   5.3754E+02 -9.3542E+01  5.1333E+01
0000028   5.6087E+02  1.3235E+02 -1.0233E+02
0000029   5.4727E+02  3.1603E+01  6.2013E+01
0000030   4.9096E+02 -8.2757E+01  2.4730E+01
0000031   4.4470E+02  7.3570E+01  5.6718E+00
0000032   4.4776E+02 -2.9866E+00 -1.3794E+02
0000033   5.7615E+02  1.3833E+02  1.2845E+02
0000034   3.6957E+02 -5.5220E+01 -6.2825E+01
0000035   3.4923E+02  2.2246E+01  7.5789E+01
0000036   3.3358E+02  2.3159E+01  6.3968E+00
0000037   3.8049E+02 -1.8450E+02  5.8977E+01
0000038   4.1289E+02 -1.6201E+02  9.8541E+01
0000039   5.7592E+02  2.4766E+02 -1.2956E+02
0000040   4.2607E+02  1.6576E+02 -7.7951E+01
0000041   4.9322E+02 -7.5538E+01 -1.1078E+01
0000042   4.9158E+02 -1.0528E+02  1.6146E+02
0000043   4.5996E+02 -2.9455E+01  2.2322E+01
0000044   3.5412E+02 -1.8110E+01 -1.7046E+02
0000045   5.0941E+02  7.1098E+01 -3.4417E+02
0000046   6.3527E+02  1.8137E+02  2.0113E+01
0000047   3.8380E+02 -2.6422E+01 -3.1898E+00
0000048   5.5584E+02 -5.8526E+01  1.2483E+02
0000049   3.7084E+02  9.7249E+01  7.7006E+01
0000050   4.3445E+02 -1.3850E+02 -3.6585E+01
0000051   4.3588E+02  3.9392E+01 -3.3592E+01
0000052   5.5879E+02 -7.3132E+01 -1.4182E+02
0000053   4.1336E+02 -9.2828E+01  4.4828E+01
0000054   1.3967E+02 -2.9626E+02  2.0635E+02
0000055   4.8765E+02 -5.2443E+01  5.7265E+01
0000056   6.0430E+02  3.8121E+01 -1.1627E+02
0000057   6.5438E+02  1.0333E+02  3.1340E+01
0000058   5.9664E+02  2.4476E+02  6.3860E+01
0000059   5.2070E+02 -2.9235E+01 -1.3468E+02
0000060   2.5939E+02 -1.1335E+02 -2.1062E+02
0000061   5.7503E+02 -1.5572E+02 -4.1036E+00
0000062   4.3149E+02  1.2459E+02  8.3166E+01
0000063   3.8652E+02  9.1640E+01 -1.0467E+02
0000064   6.0940E+02  4.3449E+01 -5.3188E+00
0000065   2.7262E+02 -8.8670E+01 -8.6476E+01
0000066   5.4861E+02 -8.9519E+01  3.8936E+00
0000067   5.2852E+02 -1.5573E+02 -2.6375E+01
0000068   4.7041E+02  2.7683E+01 -1.1195E+02
0000069   5.7310E+02  7.0300E+01  3.0876E+01
0000070   3.8130E+02  9.0750E+01  1.6577E+02
0000071   5.7233E+02 -8.3881E+00  2.5263E+01
0000072   5.0777E+02 -2.6245E+02  1.1567E+02
0000073   5.5717E+02 -5.6877E+01 -1.0181E+02
0000074   3.1118E+02 -1.1439E+01  1.2802E+01
0000075   3.9550E+02  3.6330E+01  4.7224E+01
0000076   2.9464E+02 -1.3235E+02  3.0589E+01
0000077   4.5423E+02 -8.9653E+01  2.8954E+01
0000078   6.3729E+02 -1.7061E+01  1.1077E+02
0000079   4.4770E+02 -6.8177E+01 -2.3828E+01
0000080   1.7210E+02 -1.2890E+02 -2.1159E+02
0000081   1.6752E+02  2.8453E+01  1.0207E+02
0000082   5.7201E+02 -1.2883E+02  1.7155E+01
0000083   3.4868E+02  1.9387E+00  1.1691E+01
0000084   4.9873E+02 -5.3953E-01 -3.1204E+02
0000085   3.1312E+02  1.7876E+02 -6.7068E+01
0000086   5.7204E+02  1.0895E+02 -1.4898E+02
0000087   2.2658E+02 -3.8565E+01  9.6751E+01
0000088   5.5626E+02  4.1630E+01  7.6483E+00
0000089   6.3885E+02 -3.0018E+02  2.8131E+01
0000090   4.7965E+02 -1.9625E+01  8.2289E+00
0000091   2.5805E+02 -2.9926E+02  3.1013E+01
0000092   5.9931E+02  3.0123E+01 -1.1563E+01
0000093   4.1239E+02  9.6574E+01 -7.9988E+01
0000094   3.6727E+02 -1.1442E+02  5.5507E+01
0000095   3.8131E+02  1.3792E+02 -1.0059E+02
0000096   3.2631E+02  1.5130E+02 -4.6257E+01
0000097   3.5809E+02  1.4233E+02 -8.9907E+01
0000098   5.4926E+02 -1.4380E+02 -2.7564E+02
0000099   4.3574E+02 -9.7910E+00  9.8673E+01
0000100   5.9726E+02 -5.2114E+01  9.3632E+01
0000101   4.6332E+02  6.0211E+01 -4.8331E+01
0000102   5.1673E+02 -2.9482E+01  3.3189E+02
0000103   5.0438E+02 -5.4363E+01  3.0745E+01
0000104   5.8077E+02  2.3483E+02  1.8047E+02
0000105   3.6071E+02  1.2261E+02  3.3674E+02
0000106   6.3870E+02  7.2905E+01  1.4384E+02
0000107   5.2768E+02 -8.0923E+01 -7.0522E+01
0000108   4.6638E+02 -9.0169E+01  2.3411E+02
0000109   3.6978E+02 -1.3933E+01  2.3152E+02
0000110   4.5069E+02 -1.4336E+01  1.0671E+02
0000111   5.0878E+02 -5.8883E+01 -2.5777E+01
0000112   5.5308E+02 -2.4420E+01  7.0819E+01
0000113   4.4898E+02 -2.4435E+02 -5.7922E+01
0000114   4.2062E+02 -9.3622E+01  2.1627E+02
0000115   5.3553E+02  4.8930E+01  1.2458E+02
0000116   2.5563E+02 -4.9182E+01 -9.2699E+01
0000117   5.5840E+02  6.1455E+01 -3.8860E+02
0000118   6.6604E+02  1.2012E+02 -1.4008E+02
0000119   6.4222E+02 -9.5484E+01  3.2058E+00
0000120   4.7360E+02 -1.1845E+02 -1.4641E+01
0000121   3.5950E+02  2.1008E+02  2.6740E+02
0000122   3.7294E+02  2.7781E+01  2.5442E+01
0000123   3.7266E+02 -2.9577E+02  6.2773E+01
0000124   4.4775E+02  7.4506E+01 -3.5130E+00
0000125   5.9178E+02 -8.1255E+01  1.2256E+02
0000126   6.5959E+02  8.7077E+01 -6.2924E+01
0000127   4.9874E+02  9.7058E+01  1.4979E+01
0000128   4.3792E+02  1.1449E+02  1.8341E+01
0000129   6.2083E+02  1.0552E+01 -1.9132E+02
0000130   5.4510E+02  7.3252E+01  1.0752E+02
0000131   5.1987E+02 -7.6501E+01 -2.4642E+02
0000132   6.1045E+02  3.8363E+01  1.3214E+02
0000133   4.8350E+02 -4.3108E+01 -9.4098E+01
0000134   5.2719E+02 -8.0635E+01  2.2981E+02
0000135   2.8441E+02 -9.9340E+01 -1.4669E+02
0000136   3.0645E+02 -9.0324E+01  3.9728E+01
0000137   5.7607E+02 -1.0538E+02  1.6914E+02
0000138   3.0517E+02 -2.4582E+01 -2.0797E+02
0000139   9.6818E+01  8.3033E+00 -6.8411E+01
0000140   5.3764E+02  5.4219E+01  6.9600E+00
0000141   3.1187E+02  2.4752E+02 -6.7540E+01
0000142   2.3524E+02 -5.9880E+01  1.1030E+02
0000143   3.9412E+02  1.4235E+02  2.7233E+02
0000144   3.5391E+02 -1.5920E+01 -1.4470E+02
0000145   2.5677E+02 -2.0336E+02  4.4582E+01
0000146   2.3885E+02 -1.7590E+01  8.8773E+01
0000147   1.1847E+02 -7.6584E+01 -3.4709E+01
0000148   3.1115E+02  7.1965E+01  5.8350E+01
0000149   4.3187E+02 -2.2539E+02 -7.6725E+01
0000150   5.3184E+02 -2.6890E+02 -8.7312E+01
0000151   4.2671E+02  3.1624E+01 -2.0010E+01
0000152   6.0501E+02  9.9477E+01  6.8997E+01
0000153   3.2884E+02  1.2762E+02  1.6157E+02
0000154   5.5170E+02 -1.8658E+02 -1.0130E+02
0000155   5.8316E+02  1.3435E+02 -4.0586E+01
0000156   6.0988E+02  1.0651E+02 -7.2332E+01
0000157   6.0038E+02  9.4246E+00  6.5328E+01
0000158   2.3261E+02  3.4414E+00 -1.2470E+02
0000159   2.4372E+02 -9.2466E+01  2.2426E+02
0000160   4.4280E+02 -5.4471E+01  1.2623E+02
0000161   5.4389E+02  1.2376E+02 -2.6510E+01
0000162   4.1078E+02 -2.8588E+00  3.7257E+01
0000163   5.0527E+02  9.2523E+01  6.4249E+01
0000164   5.4200E+02  1.1356E+01  9.7115E+01
0000165   4.7918E+02 -1.3846E+02  8.3638E+01
0000166   2.9298E+02  4.0293E+01 -1.9489E+02
0000167   4.5067E+02  4.6644E+01  5.3930E+01
0000168   6.2848E+02 -1.2295E+01 -1.1824E+02
0000169   4.0687E+02  5.8791E+00  7.9075E+01
0000170   4.8839E+02  3.6361E+01 -1.0868E+02
0000171   3.9257E+02  6.7353E+00  9.8058E+00
0000172   3.3462E+02  3.5283E+01  6.6686E+01
0000173   6.5893E+02  1.0859E+02 -7.6587E+00
0000174   5.2320E+02  1.5286E+01 -1.3359E+02
0000175   5.1758E+02  2.9260E+01  2.4431E+01
0000176   5.3646E+02 -1.3904E+01 -7.4324E+01
0000177   1.3780E+02 -2.1742E+02 -9.5100E+00
0000178   4.2499E+02  7.3342E+01  8.9633E+01
0000179   4.3515E+02  7.9273E+01 -2.6020E+02
0000180   6.4147E+02  5.4952E+01  1.2354E+02
0000181   6.0271E+02 -1.6167E+02  3.5231E+01
0000182   2.3982E+02  2.5676E+02 -2.2865E+02
0000183   5.1304E+02 -1.4232E+02  2.7987E+00
0000184   6.7721E+02 -2.1303E+00 -5.3228E+00
0000185   5.1231E+02 -1.1261E+02 -2.8847E+01
0000186   4.1387E+02 -3.0325E+01  8.6843E+01
0000187   2.8992E+02 -1.6789E+01  4.5348E+01
0000188   8.2776E+01  1.3581E+01 -2.4065E-01
0000189   3.3341E+02 -9.5085E+01 -9.3053E+01
0000190   4.0761E+02  2.3687E+02  1.2323E+02
0000191   5.9298E+02 -1.6850E+02 -5.3085E+01
0000192   4.4445E+02 -1.3551E+02  4.6280E+01
0000193   6.3838E+02  1.5253E+02 -3.1969E+01
0000194   4.2956E+02 -2.2530E+01 -6.3599E+01
0000195   4.4793E+02 -3.5441E+02 -4.8039E+01
0000196   3.2764E+02  1.9726E+02 -1.1150E+02
0000197   4.5941E+02  4.5360E+01  7.7303E+01
0000198   6.9951E+02 -4.2256E+01 -4.2257E+01
0000199   4.7844E+02 -1.0238E+02  2.2736E+01
0000200   4.0965E+02 -3.5988E+01  8.5124E+01
