============================== SRIM-2013.00 ==============================
==============================================================================
====== SRIM Outputs\RANGE_3D.txt : File of Final Ion Positions =====

Ion =  C (06)   Ion Mass= 012.0107
Energy  = 1000000.E-06 keV
Ion Angle to Surface = 00.0 degrees
==================== TARGET =======================
  Layer # 1 - None
  Layer # 1 - Bottom Depth=200000.E-01 A
  Layer # 1 - Density =0003.5100 g/cm3
  Layer # 1 -  100 % of  C
様様様様様様様様様様様様様様様様様様様様様様様様様様
                                            
Ion       Depth  X   Lateral Y   Lateral Z  
Number    (Angstrom) (Angstrom)  (Angstrom) 
-------  ----------- ----------- -----------
0000001   4.0960E+00  1.2696E+00 -2.9787E+00
0000002   2.8362E+01 -4.0764E+00  4.4822E-01
0000003   3.3306E+01  1.6781E+01 -5.2183E+00
0000004   9.2878E+00 -9.5506E-01 -1.0592E-01
0000005   1.7081E+01  9.3295E-01 -2.9258E+00
0000006   3.9671E+01 -9.0698E+00 -1.9880E+01
0000007   2.6389E+01  6.4592E-01  1.7403E+01
0000008   3.1204E+01 -5.7716E+00 -1.8926E+00
0000009   3.8929E+01  2.3744E+01 -5.2387E+00
0000010   2.9356E+01  2.7754E+00 -7.2982E+00
0000011   2.1791E+01 -1.3738E+01 -1.1236E-01
0000012   3.7552E+01  1.0172E+01 -4.1509E+00
0000013   1.7407E+01 -6.4385E+00  9.4825E+00
0000014   2.8951E+01  9.9258E+00  1.7648E+01
0000015   2.1633E+01 -4.9573E+00 -1.5920E+01
0000016   3.2942E+01  2.1439E+00  1.2222E+01
0000017   4.1517E+01 -7.6952E-01 -2.8626E+00
0000018   2.0671E+01  8.9447E+00 -5.7898E+00
0000019   4.4316E+01 -9.2338E+00  1.1391E+01
0000020   1.1315E+01  1.8176E+01 -6.6524E-03
0000021   2.3853E+01 -5.7922E+00 -3.5385E+00
0000022   2.1644E+01  1.9702E+00 -2.1584E-01
0000023   2.1655E+01 -3.2648E-01 -3.6104E+00
0000024   2.8555E+01  2.4644E+00  1.2847E+01
0000025   3.0102E+01  1.3420E+01 -1.6368E+01
0000026   1.1166E+01  2.0264E-01 -1.7576E+00
0000027   2.5113E+01 -8.1483E+00  6.0171E+00
0000028   8.3853E+00  7.6211E+00 -8.5394E+00
0000029   2.2299E+00 -7.3091E+00 -4.1688E+00
0000030   9.8577E+00  4.9798E+00  7.9081E+00
0000031   4.0738E+01  5.7299E+00 -3.1458E+01
0000032   2.5052E+01 -2.0901E+01 -3.2559E+00
0000033   2.3210E+01 -3.4700E+00  1.1949E+01
0000034   5.0976E+01 -7.6209E+00 -4.6389E+00
0000035   2.8981E+01  3.7401E+00 -3.0564E+00
0000036   8.3032E+00  4.6753E+00  1.1129E+01
0000037   2.8430E+01 -1.8047E+00  2.6902E+01
0000038   3.2184E+01 -2.1367E+00 -1.7862E+00
0000039   3.2659E+01  1.0143E+01  5.2416E+00
0000040   1.0567E+01 -1.2569E+01 -1.1285E+01
0000041   2.6308E+01 -5.8964E+00 -3.0724E+00
0000042   1.4738E+01 -3.6250E+00  1.2718E+01
0000043   3.0253E+01  1.5235E+01 -6.3899E+00
0000044   4.5446E+00 -3.2268E+00 -6.7505E-01
0000045   2.7533E+01  1.5039E+01 -9.6493E+00
0000046   2.1099E+01 -1.1168E+01 -8.4221E+00
0000047   3.5410E+01 -5.0228E+00 -7.8490E+00
0000048   3.2540E+01 -1.0045E+01  1.3176E+01
0000049   2.0599E+01  1.1696E+00  1.8567E+01
0000050   1.0873E+01 -8.2029E-01  1.3759E-01
0000051   4.3028E+01 -5.6231E+00  1.3681E+01
0000052   3.1340E+01  3.3348E-01  7.0529E+00
0000053   1.2909E+01  8.8957E+00 -1.1465E+01
0000054   2.9859E+01 -7.3612E+00  1.5772E+01
0000055   2.8887E+01  2.3595E-01  3.1087E+01
0000056   2.2930E+01  7.1408E+00 -6.3135E+00
0000057   3.6604E+01  1.0523E+00 -1.8661E+01
0000058   2.2433E+01  2.4434E+00 -3.9593E+00
0000059   3.2413E+01  1.0939E+01  1.7749E-03
0000060   3.5408E+01  3.9128E+00  9.4876E+00
0000061   5.8411E+00 -6.8596E-01  2.4508E+00
0000062   3.6916E+01 -9.1610E+00  2.2561E+00
0000063   4.0605E+01  1.1161E+01  1.9385E+00
0000064   2.4550E+01 -2.4616E+00 -1.3214E+01
0000065   2.9869E+01 -2.9061E+00  8.5629E+00
0000066   2.6895E+01 -5.5460E+00  2.1806E+01
0000067   2.4049E+01  2.6159E+00  1.0204E+01
0000068   1.8621E+01  8.3032E+00 -1.9611E+00
0000069   4.1233E+01  8.3737E+00 -2.7075E+00
0000070   3.7199E+01 -9.1710E+00  4.6420E+00
0000071   3.1258E+01 -5.8743E+00 -1.2029E+01
0000072   2.6385E+01 -1.0134E+01  9.7570E+00
0000073   3.9212E+01  1.8551E+00 -1.4385E+01
0000074   3.7468E-01 -4.0407E+00 -2.2888E+01
0000075   1.5676E+01  1.7491E+01 -1.2657E+01
0000076   3.1995E+01  2.0412E+01 -8.8373E+00
0000077   2.6038E+01  1.9076E+00  7.1603E+00
0000078   1.5894E+01 -1.7464E+00  7.4596E-01
0000079   7.3990E+00  8.5538E+00  1.5680E+01
0000080   9.6082E+00  6.1723E+00 -8.1700E+00
0000081   4.1126E+01  1.3107E+01 -1.7895E+01
0000082   3.0796E+01 -4.4272E+00  7.6157E+00
0000083   5.5231E+01  6.3190E+00 -1.4598E+01
0000084   1.3844E+01 -1.1215E+01 -5.4925E-01
0000085   9.9433E+00 -1.0181E+00  4.5332E+00
0000086   2.1324E+01 -6.4539E+00  4.4471E+00
0000087   2.9820E+01  7.6715E+00 -2.7110E+00
0000088   3.1109E+01  2.2663E+01  1.2382E-01
0000089   4.8558E+01 -4.2764E+00  1.6391E+01
0000090   4.6059E+01  1.8001E+01  1.4544E+01
0000091   3.7754E+01 -5.8879E+00 -7.9199E+00
0000092   2.6753E+01  2.7821E+00  1.1016E+00
0000093   2.6283E+01  1.3718E+01  2.2268E+01
0000094   8.7322E+00 -1.2856E+01  2.0005E+01
0000095   3.6028E+01  7.5700E+00  3.0820E-01
0000096   3.0360E+01  1.8081E+01 -1.2001E+01
0000097   1.8555E+01  7.6199E+00 -1.2728E+00
0000098   3.4467E+01 -9.6642E+00 -9.2938E+00
0000099   2.1961E+01  1.7396E+01  3.3304E+00
0000100   5.1750E+01 -8.9922E+00  2.7634E+01
0000101   3.9527E+01  1.3195E+01  1.4165E+01
0000102   3.5808E+01 -1.5155E+01 -1.6439E+01
0000103   1.9047E+01 -5.9822E+00  6.6069E+00
0000104   3.3992E+01  7.8501E+00 -1.3740E+01
0000105   1.1567E+01 -3.6658E+00 -8.8469E+00
0000106   5.6541E+01 -4.8529E+00 -1.5413E+01
0000107   1.6269E+01  1.4296E+01  1.6852E+00
0000108   1.1585E+01 -3.0438E+00 -1.4231E+01
0000109   1.0745E+01 -7.3483E+00 -2.5361E+00
0000110   3.3349E+01 -8.4727E-01 -9.7279E+00
0000111   2.8346E+01  4.4331E+00  2.1602E+00
0000112   1.5438E+01 -7.9412E+00  1.4328E+00
0000113   4.4354E+01 -7.5687E+00  7.1651E+00
0000114   2.6256E+01 -1.8493E+01  7.2478E+00
0000115   1.7569E+01 -4.9549E+00  1.2943E+01
0000116   4.2529E+01  9.6130E+00  1.4037E+01
0000117   1.7623E+01 -1.9317E+00  3.5956E+00
0000118   2.2742E+00 -1.3968E+01 -2.8655E+00
0000119   1.6821E+01 -8.2686E+00 -1.4052E+01
0000120   3.1610E+01 -1.0828E+00  1.6277E+01
0000121   3.4772E+01  7.9402E+00 -1.4602E+01
0000122   2.0733E+01  1.6913E+01  1.2845E+01
0000123   1.4168E+01  7.9897E+00  1.4672E+00
0000124   3.2356E+01  1.4227E+00 -1.0276E+01
0000125   4.2897E+00  4.6914E+00  1.0546E+01
0000126   1.9843E+01  3.9163E+00  2.6213E+00
0000127   1.7172E+01  1.1438E+01  1.5677E-01
0000128   1.9145E+01 -1.0271E+01  1.1021E+01
0000129   2.9827E+01 -1.4859E+01  3.9189E+00
0000130   1.1893E+01 -2.7433E+00 -3.5279E+00
0000131   3.6347E+01  1.4095E+01 -6.3880E+00
0000132   2.0188E+01 -1.4155E+01  4.8167E+00
0000133   2.8992E+01  5.1308E+00  1.0605E+01
0000134   1.3732E+01  5.7446E+00 -2.6302E+00
0000135   1.6199E+01 -1.2316E+01  5.2734E+00
0000136   3.8563E+01 -9.1826E+00  6.6711E+00
0000137   2.8804E+01  1.9731E+01 -7.4453E+00
0000138   3.7772E+01 -5.1398E+00 -3.9860E+00
0000139   1.9141E+01 -1.9961E+01 -8.8578E+00
0000140   3.5812E+01 -2.8115E+00  8.3034E+00
0000141   5.9685E+01 -5.8526E+00 -8.5267E+00
0000142   3.3198E+01  1.4748E+01 -1.4102E+01
0000143   2.6246E+01 -2.1041E+00  5.4650E+00
0000144   2.1030E+01  3.8344E-01 -9.0712E+00
0000145   8.7235E+00  1.3903E+01 -3.8105E+00
0000146   8.0459E+00  1.7630E-01 -8.5874E+00
0000147   2.1981E+01  1.5094E+01  7.8807E+00
0000148   2.4695E+00 -8.8358E-02 -1.2745E+01
0000149   1.5733E+01  3.1947E-01  2.2797E+00
0000150   4.1252E+01  3.6458E+00  1.8508E+01
0000151   3.0638E+01  2.3557E+00 -6.1963E+00
0000152   3.3097E+01 -1.2840E+01  6.6846E+00
0000153   3.1259E+01 -2.8280E+00  1.7017E+01
0000154   3.1351E+01 -2.3076E+00  9.7618E+00
0000155   1.7006E+01  1.3793E+01  4.4098E+00
0000156   2.4008E+01  1.4326E+00  1.7499E+01
0000157   2.2516E+01 -1.5429E+01  8.6410E+00
0000158   5.8853E+00 -1.7123E+00  6.2036E+00
0000159   1.4400E+01  2.0663E+01  2.3315E+01
0000160   2.0192E+01 -8.8013E+00  1.1669E+01
0000161   2.3304E+01 -5.4932E+00  1.2914E+01
0000162   1.9797E+01 -2.4725E+00 -2.8338E+00
0000163   2.1552E+01  1.7547E+01 -1.9878E+00
0000164   1.6443E+01  7.3696E+00 -1.3157E+01
0000165   2.5100E+01 -2.3540E+01 -7.2240E+00
0000166   7.7839E+00 -3.9391E+00 -7.4341E+00
0000167   1.3868E+01 -6.9289E+00  6.9661E+00
0000168   1.0241E+01  5.7944E+00  6.3430E+00
0000169   1.3487E+01  1.7885E+01  1.6633E+01
0000170   3.0095E+01  9.3249E+00 -1.9087E+01
0000171   1.8856E+01 -1.1587E+01 -3.7900E+00
0000172   3.1578E+01 -3.1034E+01  4.5897E+00
0000173   2.1502E+01  1.5442E+01  9.3626E+00
0000174   2.5255E+01 -3.3379E+00 -4.4301E+00
0000175   1.8865E+01  3.4935E+00  1.8775E+01
0000176   2.1291E+01  4.6383E+00 -5.7309E+00
0000177   3.1727E+01  2.5487E+00 -9.4733E+00
0000178   1.4538E+01  8.6458E-01  5.6020E+00
0000179   2.0873E+01 -1.0807E+01 -9.2237E+00
0000180   2.3070E+01  7.4541E-02  1.5929E+00
0000181   2.7165E+01  1.1072E+00 -7.2054E+00
0000182   2.7498E+01 -9.8519E+00 -1.1974E+01
0000183   1.8206E+01  1.1828E+01  1.3719E+01
0000184   1.6667E+01 -1.1431E+01 -5.5444E+00
0000185   1.6148E+01 -4.3532E-01  2.0586E+01
0000186   2.3930E+01  1.5182E+00 -2.6694E+00
0000187   2.9025E+01 -2.1519E+00 -1.0403E+01
0000188   1.7808E+01 -1.1711E+00  4.4088E+00
0000189   1.6903E+01  3.0834E+00 -2.2986E+00
0000190   4.9682E+01 -2.7746E+01 -2.5162E+00
0000191   2.8992E+01 -2.0696E+01 -5.6734E-01
0000192   9.7953E+00  1.2944E+01 -6.2731E+00
0000193   2.7312E+01 -5.4984E+00  4.1481E+00
0000194   2.0865E+01  5.6788E+00 -7.1001E+00
0000195   1.4154E+01  1.9084E+00  1.4500E+01
0000196   3.3840E+01  1.6689E+01 -8.6265E-01
0000197   4.8071E+01 -7.3204E+00  5.0486E+00
0000198   1.7181E+01 -1.3470E-01 -1.6983E+01
0000199   8.2106E+00 -5.2703E-01 -5.1976E+00
0000200   1.6554E+01 -1.1209E+01  3.8650E+00
