============================== SRIM-2013.00 ==============================
==============================================================================
====== SRIM Outputs\RANGE_3D.txt : File of Final Ion Positions =====

Ion =  C (06)   Ion Mass= 012.0107
Energy  = 1000000.E-06 keV
Ion Angle to Surface = 00.0 degrees
==================== TARGET =======================
  Layer # 1 - None
  Layer # 1 - Bottom Depth=200000.E-01 A
  Layer # 1 - Density =0003.5100 g/cm3
  Layer # 1 -  100 % of  C
様様様様様様様様様様様様様様様様様様様様様様様様様様
                                            
Ion       Depth  X   Lateral Y   Lateral Z  
Number    (Angstrom) (Angstrom)  (Angstrom) 
-------  ----------- ----------- -----------
0000001   2.0468E+01  2.5679E+00  7.5763E+00
0000002   3.4528E+01 -1.2129E+00 -2.6615E+00
0000003   1.8127E+01  1.5951E+01  8.4430E+00
0000004   1.5494E+01  4.3443E+00  1.5078E+01
0000005   2.1215E+01  1.4042E+00 -8.7699E+00
0000006   3.5331E+01 -1.6089E+00  1.4236E+00
0000007   3.4027E+01 -4.2754E+00 -1.1369E+01
0000008   1.6197E+01  1.8937E+01  2.0211E+01
0000009   1.7357E+01 -8.1255E+00  8.6273E+00
0000010   3.9923E+01  3.9494E+00 -3.2687E+00
0000011   2.4978E+01 -2.2432E+01  3.5763E+00
0000012   2.0604E+01  1.8098E+01  2.0763E+00
0000013   2.3834E+01  7.7909E+00 -2.0904E+01
0000014   3.1825E+01  1.2900E+01  9.3940E+00
0000015   1.4059E+01  1.1168E+01 -1.7519E-02
0000016   2.2399E+01  3.8260E+00  2.4564E+01
0000017   1.5510E+01  3.0050E+00  1.7099E+00
0000018   4.2044E+01 -1.9644E+01  1.7455E+00
0000019   1.9270E+01 -1.3219E-01 -8.7432E+00
0000020   3.4669E+01  1.7107E+01  4.2341E+00
0000021   2.0545E+01 -8.8325E+00 -3.6678E+00
0000022   2.4140E+01 -1.6154E+00 -1.0494E+00
0000023   2.7262E+01  1.4506E+01 -2.7023E+01
0000024   4.7880E+00  4.2114E+00 -7.9994E+00
0000025   1.9655E+01 -6.4559E+00 -3.8221E+00
0000026   1.2077E+01  4.6380E+00  1.8277E+01
0000027   2.9105E+01 -2.9339E+00 -5.6271E+00
0000028   2.4919E+01  7.9658E+00 -9.6874E+00
0000029   1.1427E+01  3.5442E-01 -1.4529E+01
0000030   2.9464E+01 -5.9464E+00  1.6884E+01
0000031   3.2939E+01 -4.5710E+00 -2.5590E+00
0000032   3.5182E+01 -1.8658E+01  4.3997E+00
0000033   8.4791E+00  1.6509E-01  1.6195E+01
0000034   1.6719E+01 -8.8562E-01  1.2632E+00
0000035   2.0605E+01  7.6386E+00  9.9202E+00
0000036   3.9770E+01 -3.6049E-01 -4.7418E+00
0000037   2.1060E+01 -4.3244E+00 -1.0921E+01
0000038   3.2142E+01 -2.5199E+00 -5.6590E+00
0000039   1.4773E+01  1.1436E+00 -1.9768E+01
0000040   2.7973E+01 -1.9283E+00 -1.5928E+00
0000041   4.3568E+01 -7.5088E+00 -8.4551E+00
0000042   1.6442E+01 -3.5235E+00  2.3920E-01
0000043   1.1540E+01  5.1278E+00 -5.3083E+00
0000044   1.7431E+01 -3.8147E+00 -3.0813E+00
0000045   2.9642E+01  3.7986E+00  9.4117E-01
0000046   4.5078E+01  4.7127E+00 -8.9141E+00
0000047   1.3838E+01  2.5289E+00  1.3141E+00
0000048   1.2750E+01  1.2885E+01 -8.8411E-01
0000049   7.3597E+00  5.3366E+00  1.2115E+01
0000050   3.0429E+00 -3.1281E+00  3.1735E+00
0000051   2.8909E+01  1.0442E+01  7.5332E+00
0000052   5.1620E+01  6.2464E+00 -5.7274E+00
0000053   3.3842E+01  1.9054E+00  2.0562E+01
0000054   1.7525E+01  1.0648E+01  7.5940E-01
0000055   1.2111E+01  1.6060E+00 -9.2905E+00
0000056   3.4818E+01  6.5675E-01  3.1071E+00
0000057   2.1428E+01 -1.6340E+00  5.6051E+00
0000058   2.3003E+01 -2.5655E+00 -1.5978E+00
0000059   8.7387E+00  3.1266E+00  1.0198E+01
0000060   1.9234E+01 -2.9392E+01  9.8478E+00
0000061   1.8510E+01 -6.7119E+00  4.9115E+00
0000062   2.8758E+01  4.6430E+00  1.2507E+01
0000063   1.8198E+01  4.0532E+00  8.0334E+00
0000064   2.8966E+01 -1.4010E+01  4.0564E+00
0000065   3.4730E+01 -6.9420E-02  8.2951E+00
0000066   2.5073E+01  1.5169E+01 -2.0434E+00
0000067   2.1935E+01 -5.1089E+00 -2.3671E+00
0000068   3.5937E+01 -2.0322E+00  1.0807E+00
0000069   4.3467E+00 -1.1869E+01  2.5932E+00
0000070   4.0296E+01  2.2341E-01  9.0509E+00
0000071   1.7049E+01 -1.5402E+00  3.1447E+00
0000072   4.6064E+01 -7.9075E+00 -1.0322E+01
0000073   4.6040E+00  3.0040E-01  5.9594E+00
0000074   1.3062E+01  6.9554E-01  8.3566E+00
0000075   3.3832E+01 -1.1362E+01 -1.8280E+01
0000076   4.1590E+01 -3.1319E+00 -1.3925E+01
0000077   3.6512E+01  7.6507E-01  5.9082E+00
0000078   4.1333E+01 -7.0770E+00  2.1959E+00
0000079   3.1060E+01  8.3959E+00 -1.8083E+01
0000080   3.6469E+01  2.1302E+01  2.2670E+01
0000081   2.5532E+01 -1.5521E+01 -3.3261E+00
0000082   1.1136E+01 -4.2691E+00  3.9615E+00
0000083   4.2287E+01  1.4510E+01  4.9465E+00
0000084   2.5609E+01  1.0972E+01  4.5026E-02
0000085   1.9421E+01  7.2443E+00 -7.5986E+00
0000086   1.9749E+01 -2.5160E-01 -1.4807E+01
0000087   3.8920E+00 -6.8551E+00  3.4568E+00
0000088   2.8456E+01  1.8254E+00 -1.0674E+01
0000089   5.8218E+01  1.5054E+01 -1.8565E+00
0000090   5.7496E+01 -4.7738E+00 -1.3661E+01
0000091   1.5031E+01 -5.5666E+00 -1.2276E+00
0000092   5.0433E+01 -1.0898E+00  4.3177E+00
0000093   2.2896E+01 -1.4904E+01  1.2022E+01
0000094   1.7764E+01  9.8896E+00 -1.5803E+01
0000095   6.5387E-01  2.4791E+00 -1.6480E+01
0000096   1.0343E+01  1.1331E+01  1.7537E+01
0000097   1.9040E+01 -1.6819E+01 -9.3962E+00
0000098   2.9532E+01  5.7244E+00  5.2785E+00
0000099   4.4789E+01 -1.5202E+01  7.4660E-01
0000100   3.6396E+01  2.6498E+01  8.7524E+00
0000101   1.9910E+01 -8.2242E+00  2.2898E+01
0000102   3.9607E+00  8.8494E+00  8.2208E+00
0000103   2.4467E+01 -1.4737E+01  3.0627E+00
0000104   8.8987E+00 -1.2803E+01 -1.1103E+01
0000105   5.2890E+00  7.4407E+00  5.7394E+00
0000106   4.3364E+01  8.0683E+00  2.9316E+00
0000107   2.3625E+01  1.4160E+00 -6.3343E+00
0000108   2.4272E+01 -7.3559E+00  2.9214E+00
0000109   3.5967E+01  4.8174E+00 -3.4581E+00
0000110   1.9260E+01  4.6619E+00 -5.4137E+00
0000111   1.1783E+01 -4.1290E+00 -1.5885E+01
0000112   2.5796E+01 -5.3582E+00  1.7459E+01
0000113   4.8529E+00 -1.4097E-01 -7.5780E+00
0000114   1.2047E+01  6.3573E+00 -1.4438E+01
0000115   3.2771E+01  1.1301E+01  2.4422E+01
0000116   3.8683E+01 -1.4625E+01  1.6660E+01
0000117   2.1248E+01  1.5177E+00 -1.5109E+00
0000118   1.9989E+01 -4.8116E-01 -4.0711E-01
0000119   2.1205E+01  1.8162E+01  3.7317E+00
0000120   5.0712E+01 -7.5311E+00  8.0112E+00
0000121   7.2126E+00 -1.0871E+01  7.6676E+00
0000122   3.7664E+01  1.3012E+01  1.6446E+01
0000123   1.9449E+01  1.4716E+00  3.6793E+00
0000124   3.6984E+01 -7.1458E+00  1.5396E+01
0000125   4.1309E+01 -3.8275E+00  1.2279E+01
0000126   1.8480E+01  5.7949E+00 -7.7231E+00
0000127   1.9130E+01  1.2071E+01 -1.5036E+01
0000128   1.6925E+01 -2.2438E+00 -9.9872E+00
0000129   1.3061E+01  1.9656E+00 -1.0138E+01
0000130   1.1829E+01 -7.7976E+00  7.7200E+00
0000131   8.0013E+00  2.3936E+00  1.8602E-01
0000132   3.6007E+01  1.9198E+01  7.7265E-02
0000133   3.8848E+01  7.3429E+00  1.3926E+01
0000134   1.2594E+01  2.2720E+00 -1.6694E+00
0000135   1.3888E+01 -1.1291E+01  7.0305E+00
0000136   2.6344E+01  9.6189E-01  5.5586E+00
0000137   1.4652E+01 -7.9766E+00 -2.7118E+00
0000138   2.3638E+01  7.7283E+00 -3.4924E+00
0000139   9.9379E+00  1.2460E+01  1.3176E+01
0000140   1.7929E+01  3.3634E+00 -1.2006E+01
0000141   3.6898E+01 -1.8046E+01  4.6502E+00
0000142   6.4030E+00  4.0291E+00 -4.0647E+00
0000143   3.2831E+01 -1.8674E+01 -4.5605E-01
0000144   5.5317E+00  8.5172E-01 -9.3928E+00
0000145   2.4539E+01  6.1553E+00 -6.1508E+00
0000146   3.1164E+01  6.8563E+00  3.3058E-01
0000147   3.1683E+01  2.8743E+01  1.2675E-01
0000148   1.2673E+01  4.3040E+00 -9.6525E+00
0000149   9.5291E+00  4.7281E+00 -9.6019E-01
0000150   1.3218E+01  1.2950E+01  4.7308E+00
0000151   3.6902E+01  2.0878E+00 -5.5760E+00
0000152   2.4191E+01 -2.0963E+00 -4.1449E+00
0000153   1.9424E+01 -2.0915E+00  3.5334E+00
0000154   3.1509E+01  2.4307E+00  4.9166E+00
0000155   3.9146E+01  1.2568E+01 -3.3184E+00
0000156   3.7670E+01 -2.2830E+00 -1.2343E+01
0000157   1.8721E+01 -9.5509E+00 -2.1823E+01
0000158   3.4661E+01  1.9080E+01  1.3068E+01
0000159   2.3299E+01  1.3803E+01 -7.9695E+00
0000160   4.9230E+01  4.2501E+00  3.7870E+00
0000161   1.4294E+01  7.0332E+00 -1.2570E+00
0000162   2.1937E+01  5.6401E+00  5.9515E+00
0000163   4.7931E+01  5.9855E+00  1.4392E+01
0000164   3.1837E+01  1.1024E+01 -2.2573E+00
0000165   2.9436E+01  7.2844E+00 -1.3152E+01
0000166   1.2236E+01  6.3783E+00  1.1782E+01
0000167   3.7798E+01 -1.5127E+00  7.4953E-01
0000168   2.8493E+01 -1.1190E+01  1.7186E+01
0000169   1.3495E+01 -1.1525E+01  8.2614E+00
0000170   9.1587E+00  9.3039E+00  3.2234E+00
0000171   2.9345E+01 -1.4129E+01 -7.2458E+00
0000172   1.0904E+01  2.8954E+00  9.6180E-01
0000173   9.3586E+00 -1.8583E+01  2.2608E+01
0000174   3.3996E+01  8.4432E+00 -9.0574E+00
0000175   2.1697E+01  1.0549E+01 -1.2240E+01
0000176   1.2414E+01 -7.8301E+00 -2.2845E+00
0000177   3.3680E+01  1.4314E+01 -2.5258E+01
0000178   1.5356E+01  5.7759E+00  2.6886E+00
0000179   2.2948E+01  1.2076E+00  8.7336E+00
0000180   1.8026E+01 -8.9180E+00  4.7189E+00
0000181   3.8087E+01  1.4814E+01 -2.9510E+00
0000182   3.5106E+01  4.6096E+00  6.1722E+00
0000183   1.1289E+01 -6.9681E+00 -6.2976E+00
0000184   9.5561E+00  7.9266E+00 -1.5132E+01
0000185   3.3029E+01 -5.4841E+00  5.9455E+00
0000186   2.2060E+01  5.3330E+00  1.3496E+00
0000187   2.1028E+01  1.3824E+00 -4.5405E-01
0000188   2.3370E+01  2.8810E+00 -1.1577E+01
0000189   1.0777E+01  1.2925E+01 -1.3640E+01
0000190   2.9701E+01  1.1566E+01  7.5593E+00
0000191   2.2450E+01 -1.3671E+01 -9.5476E+00
0000192   2.1488E+00  3.4880E+00 -1.5925E+01
0000193   1.9178E+01 -3.8176E+00 -1.3015E+01
0000194   4.2120E+01  2.3010E+01  1.2433E+01
0000195   3.2485E+01  1.1841E+01 -1.9837E+00
0000196   2.2456E+01  8.1297E-01 -1.2267E+01
0000197   2.8287E+01 -4.3732E+00  2.0431E+01
0000198   3.0480E+01  1.1455E+01  6.8596E-01
0000199   2.5971E+01  1.4768E+00  3.1093E+01
0000200   2.2387E+01  1.1309E+01 -9.8152E+00
