============================== SRIM-2013.00 ==============================
==============================================================================
====== SRIM Outputs\RANGE_3D.txt : File of Final Ion Positions =====

Ion =  C (06)   Ion Mass= 012.0107
Energy  = 3000000.E-05 keV
Ion Angle to Surface = 00.0 degrees
==================== TARGET =======================
  Layer # 1 - None
  Layer # 1 - Bottom Depth=200000.E-01 A
  Layer # 1 - Density =0003.5100 g/cm3
  Layer # 1 -  100 % of  C
様様様様様様様様様様様様様様様様様様様様様様様様様様
                                            
Ion       Depth  X   Lateral Y   Lateral Z  
Number    (Angstrom) (Angstrom)  (Angstrom) 
-------  ----------- ----------- -----------
0000001   5.5467E+02 -4.0499E+00 -1.2850E+02
0000002   5.7677E+02 -1.8010E+02 -7.3873E+01
0000003   3.1654E+02  1.8408E+02 -7.1325E+01
0000004   3.8987E+02  6.8181E+01 -4.3002E+01
0000005   3.8304E+02  6.5222E+01  4.9284E+01
0000006   4.9812E+02  7.5849E+00  1.1258E+02
0000007   5.4311E+02  1.4307E+02 -1.9150E+01
0000008   3.5470E+02 -1.4418E+02  3.4785E+01
0000009   3.6235E+02 -3.0743E+01  5.9878E+01
0000010   4.6488E+02  2.8146E+02 -9.6165E+00
0000011   4.4767E+02 -1.1575E+02  1.2004E+02
0000012   2.3907E+02  3.7782E+01  1.8580E+00
0000013   3.3759E+02  1.7322E+02  8.3900E+01
0000014   5.5653E+02  5.7010E+01 -1.6051E+02
0000015   6.4130E+02  3.5665E+01 -8.7101E+01
0000016   4.7636E+02  1.4246E+02  7.1745E+01
0000017   7.0560E+02 -2.6666E+01  3.3958E+01
0000018   6.0044E+02 -9.9029E+01  2.5141E+02
0000019   4.2466E+02  9.4405E+01 -2.0216E+02
0000020   3.0769E+02 -2.5197E+02  1.2253E+02
0000021   5.5015E+02 -4.6075E+00 -1.2631E+02
0000022   3.6851E+02  1.0305E+02  3.7930E+01
0000023   4.3227E+02 -1.7282E+02  1.2826E+02
0000024   3.9297E+02 -1.7835E+01  2.2564E+02
0000025   3.5878E+02  1.2314E+02 -1.2908E+02
0000026   5.0862E+02  1.0153E+02  6.4794E+01
0000027   4.4283E+02 -1.5928E+02 -1.2634E+02
0000028   4.5746E+02  6.4147E+01  1.7359E+02
0000029   2.7329E+02 -1.1253E+01  2.0907E+02
0000030   3.8428E+02  6.8620E+01  5.7388E+01
0000031   4.9032E+02 -5.9796E+01 -6.9951E+01
0000032   5.9908E+02  1.0974E+02 -1.9107E+01
0000033   4.9794E+02  1.2351E+02 -2.8330E+01
0000034   2.1920E+02  3.8395E+01 -1.3529E+02
0000035   5.4807E+02  5.0898E+01 -3.6688E+01
0000036   4.7113E+02 -6.3880E+01  9.1814E+01
0000037   4.9877E+02 -1.4440E+02  3.3557E+01
0000038   4.5831E+02 -1.9398E+02 -1.3479E+01
0000039   4.4755E+02  1.0617E+02 -9.2578E+00
0000040   5.2143E+02 -3.1983E+02  1.9196E+02
0000041   5.3037E+02  1.8788E+02  1.8746E+01
0000042   6.1079E+02  2.4168E+02  1.3084E+02
0000043   3.9860E+02 -2.7182E+02  2.3506E+02
0000044   3.9335E+02 -1.6204E+02  2.0350E+02
0000045   4.6530E+02 -7.7292E+01 -1.1976E+02
0000046   1.8135E+02 -6.8144E+01  1.1712E+02
0000047   5.1291E+02 -3.5805E+01 -1.0706E+02
0000048   6.2901E+02  2.9154E+02  5.0016E+01
0000049   4.8936E+02  4.6450E+01  7.1813E+01
0000050   2.0743E+02  7.5518E+01 -1.9397E+02
0000051   2.0301E+02 -2.3053E+02 -6.4104E+01
0000052   4.6804E+02  7.9941E+01 -3.3121E+01
0000053   3.4322E+02  1.2508E+02  5.2175E+01
0000054   5.5168E+02  5.2018E+01  4.6071E+01
0000055   4.3261E+02 -5.1544E+01 -2.7614E+02
0000056   5.1459E+02  1.1862E+02 -1.7132E+02
0000057   3.4416E+02 -7.3599E+01  3.0188E+01
0000058   4.2053E+02  8.6040E+01  1.3635E+01
0000059   4.5156E+02 -3.0472E+02  1.8399E+02
0000060   5.8760E+02  7.3319E+01 -1.4024E+02
0000061   6.0204E+02  1.0281E+02 -3.9730E+01
0000062   3.2885E+02 -1.8309E+02 -6.4241E+01
0000063   4.5803E+02 -4.5946E+01  9.5224E+01
0000064   1.7542E+02 -1.6549E+02 -1.2186E+02
0000065   5.8729E+02 -9.4316E+01 -1.9021E+02
0000066   6.3173E+02 -7.2879E+00 -1.6313E+02
0000067   5.4725E+02 -1.2694E+01  1.7796E+00
0000068   6.2969E+02  1.3831E+02  1.3818E+02
0000069   5.0565E+02 -3.6272E+01  6.8847E+01
0000070   5.1966E+02 -2.0054E+02  1.2794E+01
0000071   3.7263E+02 -3.1833E+01  1.0640E+02
0000072   3.5514E+02 -1.6771E+01  1.6387E+02
0000073   7.9546E+01  1.3162E+01  5.6359E+01
0000074   4.2961E+02 -8.7151E+01 -1.2237E+02
0000075   5.3084E+02 -1.1290E+02  6.6111E+01
0000076   4.4431E+02 -1.3033E+02 -4.0321E+01
0000077   6.0119E+02 -7.8034E+01  2.8944E+01
0000078   4.6679E+02 -2.7483E+01  3.7289E+01
0000079   4.3132E+02  2.2700E+02  1.8666E+01
0000080   4.4262E+02 -1.6829E+02  1.7593E+02
0000081   3.1586E+02  8.3704E+01  4.5327E+01
0000082   2.0494E+02 -1.8222E+01 -3.0641E+01
0000083   6.7626E+02  1.3989E+01  2.3564E+01
0000084   5.1391E+02 -6.9392E+01 -1.0477E+02
0000085   5.7833E+02  2.7097E+01  2.3916E-02
0000086   4.5092E+02  1.3505E+02 -1.9392E+02
0000087   4.9309E+02  8.2445E+01  1.0330E+01
0000088   3.2991E+02  1.1313E+02  3.9620E+01
0000089   4.0793E+02 -4.6718E+01  3.0860E+01
0000090   5.0384E+02  1.1747E+02 -5.8129E+01
0000091   4.8347E+02 -1.4259E+02  2.0510E+01
0000092   6.1555E+02 -8.9341E+01  8.7198E+01
0000093   5.6636E+02  1.0281E+02 -6.6609E+01
0000094   4.9555E+02 -1.1923E+02  1.5055E+02
0000095   3.7777E+02 -1.2636E+02  7.1929E+01
0000096   3.7771E+02  2.5240E+02  9.7080E+01
0000097   6.4029E+02  6.0808E+01 -9.2246E+01
0000098   3.3772E+02 -8.5105E+01  4.0508E+01
0000099   3.6746E+02 -2.1895E+01 -2.9211E+02
0000100   6.3126E+02  8.9809E+01  1.9207E+02
0000101   6.0463E+02  1.1118E+02  8.0038E+01
0000102   7.2351E+02 -2.3393E+02  8.2375E+00
0000103   5.4125E+02  6.4224E+01  1.4364E+02
0000104   5.8570E+02  4.8032E+01  1.7693E+02
0000105   6.2088E+02 -1.2105E+02 -1.9235E+01
0000106   3.5931E+02  1.3857E+01  4.9421E+01
0000107   5.8937E+02  1.5164E+02 -5.0854E+01
0000108   2.6481E+02 -7.3515E+01  7.6548E+01
0000109   1.8993E+02 -4.8188E+01 -1.0398E+02
0000110   4.6201E+02  3.0438E+01 -8.8768E+00
0000111   4.1018E+02  9.5894E+01  6.6877E+01
0000112   6.5715E+02  1.2773E+02  1.3961E+02
0000113   5.7837E+02  5.3241E+01 -1.3290E+01
0000114   5.7249E+02  3.5781E+01 -6.6086E+01
0000115   3.3192E+02  9.3753E+00  1.4229E+02
0000116   4.2847E+02  5.0488E+01 -2.6458E+02
0000117   5.6519E+02 -1.5646E+02  7.0246E+01
0000118   3.0750E+02  1.3241E+01 -6.4854E+01
0000119   4.9280E+02 -1.5543E+01 -1.9369E+02
0000120   2.0255E+02  8.5987E+01 -1.7434E+02
0000121   6.0761E+02  2.3870E+02  8.9623E+01
0000122   3.8583E+02 -1.6262E+02 -1.6896E+02
0000123   4.2593E+02  2.4121E+02  1.0701E+02
0000124   5.9529E+02 -6.8941E+01  2.4213E+02
0000125   5.4236E+02 -7.9479E+01  1.1123E+02
0000126   3.9930E+02 -1.1975E+01  1.8367E+02
0000127   2.9281E+02  5.1363E+00 -6.4696E+00
0000128   4.7052E+02  1.1116E+00 -5.0394E+00
0000129   5.2617E+02  2.5495E+01  2.4078E+01
0000130   5.3886E+02  6.6004E+00 -7.4362E+01
0000131   3.5351E+02  1.1170E+02  1.5393E+02
0000132   6.2557E+02  9.1372E+00 -8.0278E+01
0000133   3.3537E+02  1.3902E+01 -3.1764E+02
0000134   3.3318E+02 -2.3319E+02  1.3269E+02
0000135   5.2364E+02 -3.0551E+01  1.0899E+01
0000136   3.0671E+02  2.4943E+01 -7.1527E+01
0000137   5.3997E+02 -1.5761E+02 -1.2446E+01
0000138   2.5080E+02 -1.4813E+02  2.9082E+02
0000139   5.8210E+02 -1.6161E+01  6.7831E+00
0000140   4.9422E+02  1.5365E+02  7.6579E+01
0000141   4.3766E+02  1.6342E+02  1.5260E+02
0000142   2.4135E+02 -2.3720E+02  2.1184E+02
0000143   4.7471E+02 -1.3509E+02 -6.6486E+01
0000144   5.8799E+02  1.0191E+02  1.6371E+02
0000145   4.5450E+02  1.2216E+02  5.4973E+00
0000146   3.3512E+02  2.5235E+01  4.0859E+01
0000147   5.0762E+02 -1.6307E+02  9.1386E+01
0000148   4.7880E+02  1.9830E+01 -1.4595E+02
0000149   3.4597E+02 -8.4235E+00 -1.1031E+02
0000150   3.9610E+02 -7.4262E+01 -9.2155E+00
0000151   5.4411E+02 -6.6646E+01 -3.2787E+01
0000152   4.4910E+02  1.0797E+02  8.8431E+00
0000153   4.4127E+02  1.0688E+01  1.7161E+01
0000154   4.2938E+02  4.0386E+01  2.3753E+02
0000155   4.1902E+02 -3.1985E+02  1.1166E+02
0000156   4.7776E+02 -1.7338E+02  2.0807E+02
0000157   7.2567E+02 -2.2490E+01  7.0478E+01
0000158   5.7778E+02  1.2124E+02  5.0028E+01
0000159   6.6274E+02 -9.7966E+01 -3.0828E+01
0000160   4.8266E+02 -3.5191E+01  1.1371E+02
0000161   4.5048E+02  2.1731E+01 -4.4024E+01
0000162   4.7520E+02 -7.0514E+01  6.8165E+01
0000163   4.7162E+02 -2.9711E+01 -1.2284E+02
0000164   1.6979E+02  7.3810E+01  2.1377E+02
0000165   5.3949E+02  4.5607E+01  4.1874E+01
0000166   3.9162E+02 -8.5795E+01  4.1671E+01
0000167   2.6151E+02  1.0515E+02  5.0488E+00
0000168   5.2655E+02  7.4223E+00 -1.1614E+02
0000169   3.5378E+02  9.4342E+01 -9.6157E+01
0000170   4.2463E+02  5.6686E+01  1.0562E+02
0000171   4.4164E+02  5.4612E+01  1.1110E+01
0000172   2.8442E+02  5.9276E+01 -2.3228E+02
0000173   5.6144E+02 -9.4613E+01 -1.3700E+02
0000174   6.7578E+02 -2.9774E+02 -1.1612E+02
0000175   5.5516E+02  7.1493E+01  6.8156E+00
0000176   5.9428E+02 -3.8656E+01 -1.8785E+02
0000177   4.4153E+02 -2.5041E+01  1.4709E+02
0000178   5.8875E+02  1.2625E+00 -5.4542E+01
0000179   6.2596E+02  5.0696E+01  4.4801E+01
0000180   2.7584E+02  9.9271E+01 -7.7729E+01
0000181   4.8883E+02 -3.0201E+01 -5.2146E+01
0000182   3.3146E+02 -1.7106E+02 -5.7711E+00
0000183   5.8981E+02  1.7896E+01 -1.1634E+01
0000184   5.6634E+02  1.2544E+02  2.0617E+02
0000185   3.2474E+02 -1.7934E+02  5.7494E+01
0000186   2.6343E+02  3.0467E+01 -4.3824E+01
0000187   2.3730E+02 -2.4826E+02  3.3980E+02
0000188   2.3124E+02  4.1626E+01  1.1842E+02
0000189   3.1466E+02  2.1534E+02 -5.6743E+01
0000190   5.1900E+02 -2.6588E+02  1.2499E+02
0000191   5.0386E+02  2.5839E+01 -3.0084E+01
0000192   4.7379E+02  3.5882E+01 -5.5158E+01
0000193   5.1450E+02  1.6488E+02 -6.1189E+00
0000194   5.2753E+02  1.0482E+02  9.9536E+01
0000195   7.8982E+01 -7.4572E+00  7.7333E+00
0000196   3.3881E+02 -1.7018E+01  3.8253E+01
0000197   5.4436E+02 -5.0126E+01 -1.7975E+01
0000198   6.1939E+02  1.0581E+02 -4.6929E+01
0000199   4.7309E+02  1.3692E+02  1.3980E+02
0000200   5.6257E+02 -2.8238E+01  1.3022E+02
